Generation(Iteration): 1

Initial Population

1: [-7.199999999999874e-24, -4.399022000000073e-14, -4.14980078e-13, 5.2401075299999985e-11, -9.721481299999999e-11, -6.7669770000000005e-16, 4.0294406000000005e-16, 4.342330299999998e-06, -1.1072100299999995e-06, -1.8792834e-09, 4.3821403399999997e-10]
2: [-6.899999999999874e-24, -3.799022000000073e-14, -4.24980078e-13, 3.640107529999998e-11, -9.321481299999999e-11, -5.966977e-16, 3.7294406000000006e-16, 4.342330299999998e-06, -1.2072100299999996e-06, -1.6792834e-09, 4.78214034e-10]
3: [-7.199999999999874e-24, -1.3099022000000072e-13, -3.0498007800000003e-13, 5.140107529999998e-11, -9.021481299999998e-11, -5.966977e-16, 3.8294406000000007e-16, 4.942330299999998e-06, -1.2072100299999996e-06, -3.3792834e-09, 4.982140339999999e-10]
4: [-4.6e-21, -4.5799022e-13, -1.8898007800000002e-13, 2.82010753e-11, -1.95214813e-10, -2.3366977e-15, 7.7294406e-16, 3.1942330300000004e-05, -1.44721003e-06, -1.7979283400000003e-08, 6.982140340000001e-10]
5: [-3.899999999999991e-23, -7.979902200000005e-13, -3.2980078000000026e-14, 9.2010753e-12, -8.8214813e-11, -7.166976999999996e-16, 4.929440599999999e-16, 6.842330299999999e-06, -7.972100299999998e-07, -3.479283400000002e-09, 3.182140339999997e-10]
6: [-8.899999999999999e-21, -8.799022000000009e-14, -2.0898007800000003e-13, 4.6201075299999997e-11, -8.321481300000002e-11, -9.566977000000004e-16, 7.2294406e-16, 3.19423303e-05, -9.772100299999997e-07, -2.49792834e-08, 6.28214034e-10]
7: [-7.099999999999991e-23, -6.079902200000003e-13, -8.98007800000002e-15, 3.801075300000003e-12, -8.5214813e-11, -7.166976999999996e-16, 7.229440599999999e-16, 6.4423302999999995e-06, -9.2721003e-07, -3.4792834000000023e-09, 3.682140339999997e-10]
8: [-7.499999999999988e-23, -1.7799022000000072e-13, -7.498007800000001e-14, 5.740107529999998e-11, -7.321481299999999e-11, -7.266977e-16, 5.729440600000003e-16, 4.342330299999997e-06, -1.2872100299999997e-06, -6.1792834000000004e-09, 5.982140339999999e-10]

Selection Population

1: [-7.199999999999874e-24, -4.399022000000073e-14, -4.14980078e-13, 5.2401075299999985e-11, -9.721481299999999e-11, -6.7669770000000005e-16, 4.0294406000000005e-16, 4.342330299999998e-06, -1.1072100299999995e-06, -1.8792834e-09, 4.3821403399999997e-10]
2: [-3.899999999999991e-23, -7.979902200000005e-13, -3.2980078000000026e-14, 9.2010753e-12, -8.8214813e-11, -7.166976999999996e-16, 4.929440599999999e-16, 6.842330299999999e-06, -7.972100299999998e-07, -3.479283400000002e-09, 3.182140339999997e-10]
3: [-7.199999999999874e-24, -4.399022000000073e-14, -4.14980078e-13, 5.2401075299999985e-11, -9.721481299999999e-11, -6.7669770000000005e-16, 4.0294406000000005e-16, 4.342330299999998e-06, -1.1072100299999995e-06, -1.8792834e-09, 4.3821403399999997e-10]
4: [-6.899999999999874e-24, -3.799022000000073e-14, -4.24980078e-13, 3.640107529999998e-11, -9.321481299999999e-11, -5.966977e-16, 3.7294406000000006e-16, 4.342330299999998e-06, -1.2072100299999996e-06, -1.6792834e-09, 4.78214034e-10]
5: [-7.199999999999874e-24, -4.399022000000073e-14, -4.14980078e-13, 5.2401075299999985e-11, -9.721481299999999e-11, -6.7669770000000005e-16, 4.0294406000000005e-16, 4.342330299999998e-06, -1.1072100299999995e-06, -1.8792834e-09, 4.3821403399999997e-10]
6: [-4.6e-21, -4.5799022e-13, -1.8898007800000002e-13, 2.82010753e-11, -1.95214813e-10, -2.3366977e-15, 7.7294406e-16, 3.1942330300000004e-05, -1.44721003e-06, -1.7979283400000003e-08, 6.982140340000001e-10]
7: [-3.899999999999991e-23, -7.979902200000005e-13, -3.2980078000000026e-14, 9.2010753e-12, -8.8214813e-11, -7.166976999999996e-16, 4.929440599999999e-16, 6.842330299999999e-06, -7.972100299999998e-07, -3.479283400000002e-09, 3.182140339999997e-10]
8: [-6.899999999999874e-24, -3.799022000000073e-14, -4.24980078e-13, 3.640107529999998e-11, -9.321481299999999e-11, -5.966977e-16, 3.7294406000000006e-16, 4.342330299999998e-06, -1.2072100299999996e-06, -1.6792834e-09, 4.78214034e-10]

CrossOver Population

1: [-7.199999999999874e-24, -4.399022000000073e-14, -4.14980078e-13, 9.2010753e-12, -9.721481299999999e-11, -7.166976999999996e-16, 4.929440599999999e-16, 4.342330299999998e-06, -7.972100299999998e-07, -1.8792834e-09, 3.182140339999997e-10]
2: [-3.899999999999991e-23, -4.399022000000073e-14, -4.14980078e-13, 9.2010753e-12, -8.8214813e-11, -6.7669770000000005e-16, 4.929440599999999e-16, 4.342330299999998e-06, -1.1072100299999995e-06, -1.8792834e-09, 4.3821403399999997e-10]
3: [-6.899999999999874e-24, -4.399022000000073e-14, -4.24980078e-13, 5.2401075299999985e-11, -9.321481299999999e-11, -6.7669770000000005e-16, 3.7294406000000006e-16, 4.342330299999998e-06, -1.2072100299999996e-06, -1.8792834e-09, 4.3821403399999997e-10]
4: [-6.899999999999874e-24, -3.799022000000073e-14, -4.14980078e-13, 5.2401075299999985e-11, -9.321481299999999e-11, -6.7669770000000005e-16, 4.0294406000000005e-16, 4.342330299999998e-06, -1.1072100299999995e-06, -1.6792834e-09, 4.78214034e-10]
5: [-4.6e-21, -4.399022000000073e-14, -4.14980078e-13, 5.2401075299999985e-11, -9.721481299999999e-11, -2.3366977e-15, 4.0294406000000005e-16, 4.342330299999998e-06, -1.1072100299999995e-06, -1.8792834e-09, 4.3821403399999997e-10]
6: [-4.6e-21, -4.5799022e-13, -1.8898007800000002e-13, 5.2401075299999985e-11, -1.95214813e-10, -6.7669770000000005e-16, 4.0294406000000005e-16, 4.342330299999998e-06, -1.1072100299999995e-06, -1.8792834e-09, 4.3821403399999997e-10]
7: [-3.899999999999991e-23, -7.979902200000005e-13, -3.2980078000000026e-14, 9.2010753e-12, -8.8214813e-11, -7.166976999999996e-16, 3.7294406000000006e-16, 4.342330299999998e-06, -7.972100299999998e-07, -1.6792834e-09, 4.78214034e-10]
8: [-6.899999999999874e-24, -7.979902200000005e-13, -4.24980078e-13, 9.2010753e-12, -9.321481299999999e-11, -7.166976999999996e-16, 3.7294406000000006e-16, 6.842330299999999e-06, -7.972100299999998e-07, -3.479283400000002e-09, 3.182140339999997e-10]

Mutation Population

1: [-6.999999999999874e-24, -4.099022000000073e-14, -3.84980078e-13, 9.3010753e-12, -1.0421481299999999e-10, -7.566977000000001e-16, 4.529440600000001e-16, 4.242330299999998e-06, -4.0721002999999953e-07, -1.1792834e-09, 2.782140339999997e-10]
2: [-4.399999999999991e-23, -4.5990220000000725e-14, -4.54980078e-13, 9.1010753e-12, -8.821481299999999e-11, -6.366977000000001e-16, 5.629440599999999e-16, 4.842330299999998e-06, -1.3072100299999995e-06, -1.5792834e-09, 4.78214034e-10]
3: [-6.599999999999874e-24, -4.499022000000073e-14, -5.04980078e-13, 5.740107529999999e-11, -8.821481299999999e-11, -7.066977e-16, 3.8294406000000007e-16, 3.7423302999999974e-06, -1.9072100299999995e-06, -2.7792833999999998e-09, 3.4821403399999997e-10]
4: [-6.599999999999874e-24, -3.8990220000000724e-14, -3.94980078e-13, 5.940107529999998e-11, -9.521481299999998e-11, -7.366977e-16, 3.9294406000000004e-16, 3.842330299999997e-06, -3.0721002999999954e-07, -1.3792834e-09, 5.18214034e-10]
5: [-5e-21, -3.9990220000000726e-14, -3.84980078e-13, 4.940107529999998e-11, -9.221481299999999e-11, -3.0366977e-15, 3.5294406000000003e-16, 4.242330299999998e-06, -6.072100299999995e-07, -1.6792834e-09, 3.58214034e-10]
6: [-3.9e-21, -5.0799022e-13, -1.5898007800000002e-13, 6.140107529999999e-11, -2.75214813e-10, -6.266977e-16, 3.3294406000000005e-16, 3.942330299999998e-06, -5.072100299999995e-07, -2.7792833999999998e-09, 3.7821403399999997e-10]
7: [-4.799999999999991e-23, -7.279902200000005e-13, -3.4980078000000023e-14, 9.0010753e-12, -7.921481300000001e-11, -8.066976999999996e-16, 4.2294405999999994e-16, 4.542330299999997e-06, -7.572100299999998e-07, -1.7792834000000001e-09, 4.28214034e-10]
8: [-7.399999999999875e-24, -7.079902200000005e-13, -4.3498007800000003e-13, 9.6010753e-12, -9.5214813e-11, -6.666976999999996e-16, 4.3294405999999995e-16, 6.542330299999999e-06, -7.772100299999998e-07, -2.979283400000002e-09, 3.382140339999997e-10]


----------------------------------------------------------------------------------------------

Generation(Iteration): 2

Initial Population

1: [-6.999999999999874e-24, -4.099022000000073e-14, -3.84980078e-13, 9.3010753e-12, -1.0421481299999999e-10, -7.566977000000001e-16, 4.529440600000001e-16, 4.242330299999998e-06, -4.0721002999999953e-07, -1.1792834e-09, 2.782140339999997e-10]
2: [-4.399999999999991e-23, -4.5990220000000725e-14, -4.54980078e-13, 9.1010753e-12, -8.821481299999999e-11, -6.366977000000001e-16, 5.629440599999999e-16, 4.842330299999998e-06, -1.3072100299999995e-06, -1.5792834e-09, 4.78214034e-10]
3: [-6.599999999999874e-24, -4.499022000000073e-14, -5.04980078e-13, 5.740107529999999e-11, -8.821481299999999e-11, -7.066977e-16, 3.8294406000000007e-16, 3.7423302999999974e-06, -1.9072100299999995e-06, -2.7792833999999998e-09, 3.4821403399999997e-10]
4: [-6.599999999999874e-24, -3.8990220000000724e-14, -3.94980078e-13, 5.940107529999998e-11, -9.521481299999998e-11, -7.366977e-16, 3.9294406000000004e-16, 3.842330299999997e-06, -3.0721002999999954e-07, -1.3792834e-09, 5.18214034e-10]
5: [-5e-21, -3.9990220000000726e-14, -3.84980078e-13, 4.940107529999998e-11, -9.221481299999999e-11, -3.0366977e-15, 3.5294406000000003e-16, 4.242330299999998e-06, -6.072100299999995e-07, -1.6792834e-09, 3.58214034e-10]
6: [-3.9e-21, -5.0799022e-13, -1.5898007800000002e-13, 6.140107529999999e-11, -2.75214813e-10, -6.266977e-16, 3.3294406000000005e-16, 3.942330299999998e-06, -5.072100299999995e-07, -2.7792833999999998e-09, 3.7821403399999997e-10]
7: [-4.799999999999991e-23, -7.279902200000005e-13, -3.4980078000000023e-14, 9.0010753e-12, -7.921481300000001e-11, -8.066976999999996e-16, 4.2294405999999994e-16, 4.542330299999997e-06, -7.572100299999998e-07, -1.7792834000000001e-09, 4.28214034e-10]
8: [-7.399999999999875e-24, -7.079902200000005e-13, -4.3498007800000003e-13, 9.6010753e-12, -9.5214813e-11, -6.666976999999996e-16, 4.3294405999999995e-16, 6.542330299999999e-06, -7.772100299999998e-07, -2.979283400000002e-09, 3.382140339999997e-10]

Selection Population

1: [-4.399999999999991e-23, -4.5990220000000725e-14, -4.54980078e-13, 9.1010753e-12, -8.821481299999999e-11, -6.366977000000001e-16, 5.629440599999999e-16, 4.842330299999998e-06, -1.3072100299999995e-06, -1.5792834e-09, 4.78214034e-10]
2: [-7.399999999999875e-24, -7.079902200000005e-13, -4.3498007800000003e-13, 9.6010753e-12, -9.5214813e-11, -6.666976999999996e-16, 4.3294405999999995e-16, 6.542330299999999e-06, -7.772100299999998e-07, -2.979283400000002e-09, 3.382140339999997e-10]
3: [-4.399999999999991e-23, -4.5990220000000725e-14, -4.54980078e-13, 9.1010753e-12, -8.821481299999999e-11, -6.366977000000001e-16, 5.629440599999999e-16, 4.842330299999998e-06, -1.3072100299999995e-06, -1.5792834e-09, 4.78214034e-10]
4: [-5e-21, -3.9990220000000726e-14, -3.84980078e-13, 4.940107529999998e-11, -9.221481299999999e-11, -3.0366977e-15, 3.5294406000000003e-16, 4.242330299999998e-06, -6.072100299999995e-07, -1.6792834e-09, 3.58214034e-10]
5: [-4.399999999999991e-23, -4.5990220000000725e-14, -4.54980078e-13, 9.1010753e-12, -8.821481299999999e-11, -6.366977000000001e-16, 5.629440599999999e-16, 4.842330299999998e-06, -1.3072100299999995e-06, -1.5792834e-09, 4.78214034e-10]
6: [-4.799999999999991e-23, -7.279902200000005e-13, -3.4980078000000023e-14, 9.0010753e-12, -7.921481300000001e-11, -8.066976999999996e-16, 4.2294405999999994e-16, 4.542330299999997e-06, -7.572100299999998e-07, -1.7792834000000001e-09, 4.28214034e-10]
7: [-7.399999999999875e-24, -7.079902200000005e-13, -4.3498007800000003e-13, 9.6010753e-12, -9.5214813e-11, -6.666976999999996e-16, 4.3294405999999995e-16, 6.542330299999999e-06, -7.772100299999998e-07, -2.979283400000002e-09, 3.382140339999997e-10]
8: [-5e-21, -3.9990220000000726e-14, -3.84980078e-13, 4.940107529999998e-11, -9.221481299999999e-11, -3.0366977e-15, 3.5294406000000003e-16, 4.242330299999998e-06, -6.072100299999995e-07, -1.6792834e-09, 3.58214034e-10]

CrossOver Population

1: [-7.399999999999875e-24, -4.5990220000000725e-14, -4.54980078e-13, 9.1010753e-12, -8.821481299999999e-11, -6.366977000000001e-16, 4.3294405999999995e-16, 6.542330299999999e-06, -7.772100299999998e-07, -2.979283400000002e-09, 3.382140339999997e-10]
2: [-4.399999999999991e-23, -4.5990220000000725e-14, -4.3498007800000003e-13, 9.1010753e-12, -8.821481299999999e-11, -6.666976999999996e-16, 5.629440599999999e-16, 6.542330299999999e-06, -7.772100299999998e-07, -1.5792834e-09, 4.78214034e-10]
3: [-5e-21, -3.9990220000000726e-14, -4.54980078e-13, 9.1010753e-12, -9.221481299999999e-11, -6.366977000000001e-16, 3.5294406000000003e-16, 4.842330299999998e-06, -6.072100299999995e-07, -1.5792834e-09, 4.78214034e-10]
4: [-4.399999999999991e-23, -3.9990220000000726e-14, -4.54980078e-13, 9.1010753e-12, -9.221481299999999e-11, -6.366977000000001e-16, 5.629440599999999e-16, 4.842330299999998e-06, -6.072100299999995e-07, -1.5792834e-09, 3.58214034e-10]
5: [-4.799999999999991e-23, -7.279902200000005e-13, -4.54980078e-13, 9.1010753e-12, -7.921481300000001e-11, -6.366977000000001e-16, 4.2294405999999994e-16, 4.842330299999998e-06, -7.572100299999998e-07, -1.7792834000000001e-09, 4.78214034e-10]
6: [-4.799999999999991e-23, -7.279902200000005e-13, -4.54980078e-13, 9.0010753e-12, -8.821481299999999e-11, -8.066976999999996e-16, 5.629440599999999e-16, 4.542330299999997e-06, -7.572100299999998e-07, -1.7792834000000001e-09, 4.78214034e-10]
7: [-5e-21, -7.079902200000005e-13, -4.3498007800000003e-13, 9.6010753e-12, -9.221481299999999e-11, -6.666976999999996e-16, 4.3294405999999995e-16, 4.242330299999998e-06, -7.772100299999998e-07, -2.979283400000002e-09, 3.58214034e-10]
8: [-7.399999999999875e-24, -3.9990220000000726e-14, -3.84980078e-13, 9.6010753e-12, -9.5214813e-11, -3.0366977e-15, 4.3294405999999995e-16, 6.542330299999999e-06, -6.072100299999995e-07, -1.6792834e-09, 3.58214034e-10]

Mutation Population

1: [-7.699999999999875e-24, -4.1990220000000724e-14, -5.44980078e-13, 8.7010753e-12, -7.9214813e-11, -5.966976999999996e-16, 4.829440599999999e-16, 6.9423303e-06, -9.072100299999995e-07, -2.379283400000002e-09, 3.482140339999997e-10]
2: [-4.599999999999991e-23, -4.699022000000073e-14, -4.24980078e-13, 9.0010753e-12, -8.021481299999999e-11, -7.566976999999996e-16, 5.029440599999999e-16, 6.742330299999999e-06, -7.872100299999998e-07, -2.0792834e-09, 4.88214034e-10]
3: [-5.599999999999999e-21, -4.2990220000000726e-14, -4.34980078e-13, 9.3010753e-12, -9.4214813e-11, -6.166977000000001e-16, 2.6294406000000005e-16, 4.942330299999998e-06, -6.272100299999995e-07, -8.792834e-10, 4.48214034e-10]
4: [-3.599999999999991e-23, -3.5990220000000724e-14, -4.24980078e-13, 8.4010753e-12, -9.8214813e-11, -7.266977000000001e-16, 5.529440599999999e-16, 5.042330299999998e-06, -5.972100299999995e-07, -1.4792834e-09, 3.98214034e-10]
5: [-5.099999999999991e-23, -7.179902200000005e-13, -3.84980078e-13, 9.5010753e-12, -8.221481299999999e-11, -5.666977000000001e-16, 4.0294405999999996e-16, 5.742330299999998e-06, -7.072100299999997e-07, -1.7792834e-09, 4.68214034e-10]
6: [-5.299999999999991e-23, -7.679902200000005e-13, -4.84980078e-13, 8.9010753e-12, -9.0214813e-11, -8.266976999999996e-16, 5.229440599999999e-16, 4.542330299999998e-06, -5.072100299999995e-07, -2.0792834e-09, 4.98214034e-10]
7: [-5.3e-21, -7.679902200000005e-13, -4.24980078e-13, 1.02010753e-11, -8.621481299999999e-11, -7.066976999999996e-16, 4.8294406e-16, 3.5423302999999976e-06, -7.472100299999998e-07, -2.379283400000002e-09, 3.982140339999997e-10]
8: [-8.199999999999875e-24, -3.2990220000000724e-14, -3.9498007800000005e-13, 9.7010753e-12, -9.721481300000001e-11, -3.8366977e-15, 4.2294406000000003e-16, 7.1423303e-06, -5.272100299999995e-07, -1.2792834e-09, 3.582140339999997e-10]


----------------------------------------------------------------------------------------------

Generation(Iteration): 3

Initial Population

1: [-7.699999999999875e-24, -4.1990220000000724e-14, -5.44980078e-13, 8.7010753e-12, -7.9214813e-11, -5.966976999999996e-16, 4.829440599999999e-16, 6.9423303e-06, -9.072100299999995e-07, -2.379283400000002e-09, 3.482140339999997e-10]
2: [-4.599999999999991e-23, -4.699022000000073e-14, -4.24980078e-13, 9.0010753e-12, -8.021481299999999e-11, -7.566976999999996e-16, 5.029440599999999e-16, 6.742330299999999e-06, -7.872100299999998e-07, -2.0792834e-09, 4.88214034e-10]
3: [-5.599999999999999e-21, -4.2990220000000726e-14, -4.34980078e-13, 9.3010753e-12, -9.4214813e-11, -6.166977000000001e-16, 2.6294406000000005e-16, 4.942330299999998e-06, -6.272100299999995e-07, -8.792834e-10, 4.48214034e-10]
4: [-3.599999999999991e-23, -3.5990220000000724e-14, -4.24980078e-13, 8.4010753e-12, -9.8214813e-11, -7.266977000000001e-16, 5.529440599999999e-16, 5.042330299999998e-06, -5.972100299999995e-07, -1.4792834e-09, 3.98214034e-10]
5: [-5.099999999999991e-23, -7.179902200000005e-13, -3.84980078e-13, 9.5010753e-12, -8.221481299999999e-11, -5.666977000000001e-16, 4.0294405999999996e-16, 5.742330299999998e-06, -7.072100299999997e-07, -1.7792834e-09, 4.68214034e-10]
6: [-5.299999999999991e-23, -7.679902200000005e-13, -4.84980078e-13, 8.9010753e-12, -9.0214813e-11, -8.266976999999996e-16, 5.229440599999999e-16, 4.542330299999998e-06, -5.072100299999995e-07, -2.0792834e-09, 4.98214034e-10]
7: [-5.3e-21, -7.679902200000005e-13, -4.24980078e-13, 1.02010753e-11, -8.621481299999999e-11, -7.066976999999996e-16, 4.8294406e-16, 3.5423302999999976e-06, -7.472100299999998e-07, -2.379283400000002e-09, 3.982140339999997e-10]
8: [-8.199999999999875e-24, -3.2990220000000724e-14, -3.9498007800000005e-13, 9.7010753e-12, -9.721481300000001e-11, -3.8366977e-15, 4.2294406000000003e-16, 7.1423303e-06, -5.272100299999995e-07, -1.2792834e-09, 3.582140339999997e-10]

Selection Population

1: [-7.699999999999875e-24, -4.1990220000000724e-14, -5.44980078e-13, 8.7010753e-12, -7.9214813e-11, -5.966976999999996e-16, 4.829440599999999e-16, 6.9423303e-06, -9.072100299999995e-07, -2.379283400000002e-09, 3.482140339999997e-10]
2: [-5.3e-21, -7.679902200000005e-13, -4.24980078e-13, 1.02010753e-11, -8.621481299999999e-11, -7.066976999999996e-16, 4.8294406e-16, 3.5423302999999976e-06, -7.472100299999998e-07, -2.379283400000002e-09, 3.982140339999997e-10]
3: [-7.699999999999875e-24, -4.1990220000000724e-14, -5.44980078e-13, 8.7010753e-12, -7.9214813e-11, -5.966976999999996e-16, 4.829440599999999e-16, 6.9423303e-06, -9.072100299999995e-07, -2.379283400000002e-09, 3.482140339999997e-10]
4: [-8.199999999999875e-24, -3.2990220000000724e-14, -3.9498007800000005e-13, 9.7010753e-12, -9.721481300000001e-11, -3.8366977e-15, 4.2294406000000003e-16, 7.1423303e-06, -5.272100299999995e-07, -1.2792834e-09, 3.582140339999997e-10]
5: [-7.699999999999875e-24, -4.1990220000000724e-14, -5.44980078e-13, 8.7010753e-12, -7.9214813e-11, -5.966976999999996e-16, 4.829440599999999e-16, 6.9423303e-06, -9.072100299999995e-07, -2.379283400000002e-09, 3.482140339999997e-10]
6: [-3.599999999999991e-23, -3.5990220000000724e-14, -4.24980078e-13, 8.4010753e-12, -9.8214813e-11, -7.266977000000001e-16, 5.529440599999999e-16, 5.042330299999998e-06, -5.972100299999995e-07, -1.4792834e-09, 3.98214034e-10]
7: [-5.3e-21, -7.679902200000005e-13, -4.24980078e-13, 1.02010753e-11, -8.621481299999999e-11, -7.066976999999996e-16, 4.8294406e-16, 3.5423302999999976e-06, -7.472100299999998e-07, -2.379283400000002e-09, 3.982140339999997e-10]
8: [-8.199999999999875e-24, -3.2990220000000724e-14, -3.9498007800000005e-13, 9.7010753e-12, -9.721481300000001e-11, -3.8366977e-15, 4.2294406000000003e-16, 7.1423303e-06, -5.272100299999995e-07, -1.2792834e-09, 3.582140339999997e-10]

CrossOver Population

1: [-5.3e-21, -4.1990220000000724e-14, -5.44980078e-13, 8.7010753e-12, -8.621481299999999e-11, -5.966976999999996e-16, 4.8294406e-16, 6.9423303e-06, -9.072100299999995e-07, -2.379283400000002e-09, 3.482140339999997e-10]
2: [-7.699999999999875e-24, -4.1990220000000724e-14, -5.44980078e-13, 8.7010753e-12, -8.621481299999999e-11, -5.966976999999996e-16, 4.8294406e-16, 6.9423303e-06, -9.072100299999995e-07, -2.379283400000002e-09, 3.482140339999997e-10]
3: [-8.199999999999875e-24, -3.2990220000000724e-14, -3.9498007800000005e-13, 8.7010753e-12, -7.9214813e-11, -5.966976999999996e-16, 4.829440599999999e-16, 6.9423303e-06, -9.072100299999995e-07, -2.379283400000002e-09, 3.482140339999997e-10]
4: [-7.699999999999875e-24, -4.1990220000000724e-14, -5.44980078e-13, 9.7010753e-12, -7.9214813e-11, -5.966976999999996e-16, 4.829440599999999e-16, 6.9423303e-06, -9.072100299999995e-07, -1.2792834e-09, 3.582140339999997e-10]
5: [-7.699999999999875e-24, -4.1990220000000724e-14, -5.44980078e-13, 8.7010753e-12, -7.9214813e-11, -5.966976999999996e-16, 4.829440599999999e-16, 6.9423303e-06, -9.072100299999995e-07, -1.4792834e-09, 3.98214034e-10]
6: [-7.699999999999875e-24, -4.1990220000000724e-14, -5.44980078e-13, 8.7010753e-12, -7.9214813e-11, -5.966976999999996e-16, 5.529440599999999e-16, 6.9423303e-06, -9.072100299999995e-07, -2.379283400000002e-09, 3.98214034e-10]
7: [-8.199999999999875e-24, -3.2990220000000724e-14, -4.24980078e-13, 1.02010753e-11, -9.721481300000001e-11, -7.066976999999996e-16, 4.2294406000000003e-16, 3.5423302999999976e-06, -7.472100299999998e-07, -2.379283400000002e-09, 3.982140339999997e-10]
8: [-5.3e-21, -7.679902200000005e-13, -4.24980078e-13, 1.02010753e-11, -8.621481299999999e-11, -3.8366977e-15, 4.8294406e-16, 7.1423303e-06, -7.472100299999998e-07, -1.2792834e-09, 3.582140339999997e-10]

Mutation Population

1: [-5.1999999999999996e-21, -3.5990220000000724e-14, -5.04980078e-13, 5.2010753e-12, -8.3214813e-11, -5.766976999999996e-16, 4.929440599999999e-16, 6.6423303e-06, -8.572100299999996e-07, -1.5792834000000019e-09, 3.5821403399999973e-10]
2: [-8.499999999999875e-24, -4.099022000000072e-14, -5.64980078e-13, 8.5010753e-12, -8.6214813e-11, -6.266976999999996e-16, 5.129440599999999e-16, 7.342330299999999e-06, -9.772100299999995e-07, -2.879283400000002e-09, 3.482140339999997e-10]
3: [-8.199999999999875e-24, -3.2990220000000724e-14, -3.649800780000001e-13, 8.9010753e-12, -8.1214813e-11, -5.666976999999996e-16, 5.129440599999999e-16, 6.6423303e-06, -9.872100299999996e-07, -3.079283400000002e-09, 2.9821403399999973e-10]
4: [-7.599999999999874e-24, -4.999022000000073e-14, -5.74980078e-13, 9.3010753e-12, -7.4214813e-11, -6.766976999999997e-16, 5.129440599999999e-16, 6.8423303e-06, -9.472100299999995e-07, -1.5792834000000019e-09, 4.182140339999997e-10]
5: [-7.799999999999875e-24, -4.2990220000000726e-14, -5.14980078e-13, 9.5010753e-12, -8.021481299999999e-11, -5.566976999999997e-16, 3.929440599999999e-16, 7.2423302999999995e-06, -8.572100299999996e-07, -1.7792834e-09, 4.082140339999997e-10]
6: [-7.899999999999874e-24, -4.4990220000000723e-14, -5.84980078e-13, 8.9010753e-12, -8.821481299999999e-11, -6.366976999999996e-16, 6.229440599999999e-16, 7.0423303e-06, -8.672100299999995e-07, -2.679283400000002e-09, 4.082140339999997e-10]
7: [-7.499999999999875e-24, -3.499022000000072e-14, -4.84980078e-13, 1.05010753e-11, -9.221481299999999e-11, -6.366976999999995e-16, 4.4294405999999996e-16, 3.2423302999999975e-06, -7.872100299999998e-07, -2.479283400000002e-09, 4.0821403399999966e-10]
8: [-5.1999999999999996e-21, -8.479902200000005e-13, -4.74980078e-13, 1.12010753e-11, -8.021481299999998e-11, -3.7366977e-15, 5.129440600000001e-16, 6.7423303e-06, -8.272100299999997e-07, -3.792834e-10, 3.4821403399999966e-10]


----------------------------------------------------------------------------------------------

Generation(Iteration): 4

Initial Population

1: [-5.1999999999999996e-21, -3.5990220000000724e-14, -5.04980078e-13, 5.2010753e-12, -8.3214813e-11, -5.766976999999996e-16, 4.929440599999999e-16, 6.6423303e-06, -8.572100299999996e-07, -1.5792834000000019e-09, 3.5821403399999973e-10]
2: [-8.499999999999875e-24, -4.099022000000072e-14, -5.64980078e-13, 8.5010753e-12, -8.6214813e-11, -6.266976999999996e-16, 5.129440599999999e-16, 7.342330299999999e-06, -9.772100299999995e-07, -2.879283400000002e-09, 3.482140339999997e-10]
3: [-8.199999999999875e-24, -3.2990220000000724e-14, -3.649800780000001e-13, 8.9010753e-12, -8.1214813e-11, -5.666976999999996e-16, 5.129440599999999e-16, 6.6423303e-06, -9.872100299999996e-07, -3.079283400000002e-09, 2.9821403399999973e-10]
4: [-7.599999999999874e-24, -4.999022000000073e-14, -5.74980078e-13, 9.3010753e-12, -7.4214813e-11, -6.766976999999997e-16, 5.129440599999999e-16, 6.8423303e-06, -9.472100299999995e-07, -1.5792834000000019e-09, 4.182140339999997e-10]
5: [-7.799999999999875e-24, -4.2990220000000726e-14, -5.14980078e-13, 9.5010753e-12, -8.021481299999999e-11, -5.566976999999997e-16, 3.929440599999999e-16, 7.2423302999999995e-06, -8.572100299999996e-07, -1.7792834e-09, 4.082140339999997e-10]
6: [-7.899999999999874e-24, -4.4990220000000723e-14, -5.84980078e-13, 8.9010753e-12, -8.821481299999999e-11, -6.366976999999996e-16, 6.229440599999999e-16, 7.0423303e-06, -8.672100299999995e-07, -2.679283400000002e-09, 4.082140339999997e-10]
7: [-7.499999999999875e-24, -3.499022000000072e-14, -4.84980078e-13, 1.05010753e-11, -9.221481299999999e-11, -6.366976999999995e-16, 4.4294405999999996e-16, 3.2423302999999975e-06, -7.872100299999998e-07, -2.479283400000002e-09, 4.0821403399999966e-10]
8: [-5.1999999999999996e-21, -8.479902200000005e-13, -4.74980078e-13, 1.12010753e-11, -8.021481299999998e-11, -3.7366977e-15, 5.129440600000001e-16, 6.7423303e-06, -8.272100299999997e-07, -3.792834e-10, 3.4821403399999966e-10]

Selection Population

1: [-8.499999999999875e-24, -4.099022000000072e-14, -5.64980078e-13, 8.5010753e-12, -8.6214813e-11, -6.266976999999996e-16, 5.129440599999999e-16, 7.342330299999999e-06, -9.772100299999995e-07, -2.879283400000002e-09, 3.482140339999997e-10]
2: [-5.1999999999999996e-21, -8.479902200000005e-13, -4.74980078e-13, 1.12010753e-11, -8.021481299999998e-11, -3.7366977e-15, 5.129440600000001e-16, 6.7423303e-06, -8.272100299999997e-07, -3.792834e-10, 3.4821403399999966e-10]
3: [-8.499999999999875e-24, -4.099022000000072e-14, -5.64980078e-13, 8.5010753e-12, -8.6214813e-11, -6.266976999999996e-16, 5.129440599999999e-16, 7.342330299999999e-06, -9.772100299999995e-07, -2.879283400000002e-09, 3.482140339999997e-10]
4: [-8.199999999999875e-24, -3.2990220000000724e-14, -3.649800780000001e-13, 8.9010753e-12, -8.1214813e-11, -5.666976999999996e-16, 5.129440599999999e-16, 6.6423303e-06, -9.872100299999996e-07, -3.079283400000002e-09, 2.9821403399999973e-10]
5: [-8.499999999999875e-24, -4.099022000000072e-14, -5.64980078e-13, 8.5010753e-12, -8.6214813e-11, -6.266976999999996e-16, 5.129440599999999e-16, 7.342330299999999e-06, -9.772100299999995e-07, -2.879283400000002e-09, 3.482140339999997e-10]
6: [-5.1999999999999996e-21, -3.5990220000000724e-14, -5.04980078e-13, 5.2010753e-12, -8.3214813e-11, -5.766976999999996e-16, 4.929440599999999e-16, 6.6423303e-06, -8.572100299999996e-07, -1.5792834000000019e-09, 3.5821403399999973e-10]
7: [-5.1999999999999996e-21, -8.479902200000005e-13, -4.74980078e-13, 1.12010753e-11, -8.021481299999998e-11, -3.7366977e-15, 5.129440600000001e-16, 6.7423303e-06, -8.272100299999997e-07, -3.792834e-10, 3.4821403399999966e-10]
8: [-8.199999999999875e-24, -3.2990220000000724e-14, -3.649800780000001e-13, 8.9010753e-12, -8.1214813e-11, -5.666976999999996e-16, 5.129440599999999e-16, 6.6423303e-06, -9.872100299999996e-07, -3.079283400000002e-09, 2.9821403399999973e-10]

CrossOver Population

1: [-8.499999999999875e-24, -4.099022000000072e-14, -4.74980078e-13, 8.5010753e-12, -8.6214813e-11, -6.266976999999996e-16, 5.129440600000001e-16, 6.7423303e-06, -8.272100299999997e-07, -2.879283400000002e-09, 3.482140339999997e-10]
2: [-5.1999999999999996e-21, -8.479902200000005e-13, -5.64980078e-13, 1.12010753e-11, -8.021481299999998e-11, -6.266976999999996e-16, 5.129440599999999e-16, 7.342330299999999e-06, -9.772100299999995e-07, -2.879283400000002e-09, 3.4821403399999966e-10]
3: [-8.499999999999875e-24, -4.099022000000072e-14, -5.64980078e-13, 8.5010753e-12, -8.6214813e-11, -6.266976999999996e-16, 5.129440599999999e-16, 6.6423303e-06, -9.872100299999996e-07, -2.879283400000002e-09, 3.482140339999997e-10]
4: [-8.499999999999875e-24, -4.099022000000072e-14, -3.649800780000001e-13, 8.5010753e-12, -8.1214813e-11, -6.266976999999996e-16, 5.129440599999999e-16, 6.6423303e-06, -9.872100299999996e-07, -3.079283400000002e-09, 2.9821403399999973e-10]
5: [-8.499999999999875e-24, -4.099022000000072e-14, -5.04980078e-13, 8.5010753e-12, -8.3214813e-11, -6.266976999999996e-16, 4.929440599999999e-16, 7.342330299999999e-06, -9.772100299999995e-07, -2.879283400000002e-09, 3.5821403399999973e-10]
6: [-8.499999999999875e-24, -4.099022000000072e-14, -5.04980078e-13, 8.5010753e-12, -8.3214813e-11, -5.766976999999996e-16, 4.929440599999999e-16, 6.6423303e-06, -9.772100299999995e-07, -2.879283400000002e-09, 3.482140339999997e-10]
7: [-5.1999999999999996e-21, -3.2990220000000724e-14, -4.74980078e-13, 1.12010753e-11, -8.021481299999998e-11, -3.7366977e-15, 5.129440599999999e-16, 6.6423303e-06, -9.872100299999996e-07, -3.079283400000002e-09, 3.4821403399999966e-10]
8: [-5.1999999999999996e-21, -8.479902200000005e-13, -4.74980078e-13, 1.12010753e-11, -8.021481299999998e-11, -3.7366977e-15, 5.129440599999999e-16, 6.7423303e-06, -9.872100299999996e-07, -3.792834e-10, 2.9821403399999973e-10]

Mutation Population

1: [-8.899999999999876e-24, -4.299022000000072e-14, -4.84980078e-13, 7.9010753e-12, -8.521481299999998e-11, -6.566976999999996e-16, 5.429440600000001e-16, 6.8423303e-06, -7.772100299999997e-07, -2.779283400000002e-09, 4.382140339999997e-10]
2: [-4.6999999999999995e-21, -8.679902200000005e-13, -6.24980078e-13, 1.22010753e-11, -7.621481299999998e-11, -6.866976999999996e-16, 4.4294405999999987e-16, 7.942330299999999e-06, -9.472100299999994e-07, -2.379283400000002e-09, 3.082140339999997e-10]
3: [-9.199999999999876e-24, -4.1990220000000724e-14, -5.349800780000001e-13, 8.1010753e-12, -8.9214813e-11, -6.466976999999997e-16, 5.329440599999999e-16, 5.7423303e-06, -1.0472100299999994e-06, -2.0792834000000018e-09, 4.182140339999997e-10]
4: [-8.399999999999875e-24, -4.1990220000000724e-14, -3.749800780000001e-13, 8.3010753e-12, -8.021481299999999e-11, -7.166976999999996e-16, 5.229440599999998e-16, 6.642330299999999e-06, -9.972100299999995e-07, -3.2792834000000018e-09, 2.0821403399999973e-10]
5: [-8.699999999999875e-24, -3.999022000000072e-14, -5.049800780000001e-13, 7.8010753e-12, -8.1214813e-11, -6.866976999999996e-16, 4.729440599999999e-16, 7.6423303e-06, -1.0272100299999994e-06, -3.1792834000000017e-09, 3.782140339999997e-10]
6: [-9.399999999999875e-24, -4.699022000000072e-14, -5.24980078e-13, 8.6010753e-12, -8.2214813e-11, -5.466976999999996e-16, 4.529440599999999e-16, 5.9423303e-06, -1.0472100299999994e-06, -2.279283400000002e-09, 3.182140339999997e-10]
7: [-5.099999999999999e-21, -2.3990220000000725e-14, -4.94980078e-13, 1.3201075299999999e-11, -7.521481299999998e-11, -3.4366976999999996e-15, 4.9294406e-16, 6.6423303e-06, -9.772100299999997e-07, -2.979283400000002e-09, 4.182140339999997e-10]
8: [-4.8e-21, -8.979902200000005e-13, -4.94980078e-13, 2.02010753e-11, -7.721481299999998e-11, -3.5366976999999997e-15, 4.3294406000000005e-16, 6.9423303e-06, -1.0472100299999997e-06, -4.692834e-10, 2.0821403399999973e-10]


----------------------------------------------------------------------------------------------

Generation(Iteration): 5

Initial Population

1: [-8.899999999999876e-24, -4.299022000000072e-14, -4.84980078e-13, 7.9010753e-12, -8.521481299999998e-11, -6.566976999999996e-16, 5.429440600000001e-16, 6.8423303e-06, -7.772100299999997e-07, -2.779283400000002e-09, 4.382140339999997e-10]
2: [-4.6999999999999995e-21, -8.679902200000005e-13, -6.24980078e-13, 1.22010753e-11, -7.621481299999998e-11, -6.866976999999996e-16, 4.4294405999999987e-16, 7.942330299999999e-06, -9.472100299999994e-07, -2.379283400000002e-09, 3.082140339999997e-10]
3: [-9.199999999999876e-24, -4.1990220000000724e-14, -5.349800780000001e-13, 8.1010753e-12, -8.9214813e-11, -6.466976999999997e-16, 5.329440599999999e-16, 5.7423303e-06, -1.0472100299999994e-06, -2.0792834000000018e-09, 4.182140339999997e-10]
4: [-8.399999999999875e-24, -4.1990220000000724e-14, -3.749800780000001e-13, 8.3010753e-12, -8.021481299999999e-11, -7.166976999999996e-16, 5.229440599999998e-16, 6.642330299999999e-06, -9.972100299999995e-07, -3.2792834000000018e-09, 2.0821403399999973e-10]
5: [-8.699999999999875e-24, -3.999022000000072e-14, -5.049800780000001e-13, 7.8010753e-12, -8.1214813e-11, -6.866976999999996e-16, 4.729440599999999e-16, 7.6423303e-06, -1.0272100299999994e-06, -3.1792834000000017e-09, 3.782140339999997e-10]
6: [-9.399999999999875e-24, -4.699022000000072e-14, -5.24980078e-13, 8.6010753e-12, -8.2214813e-11, -5.466976999999996e-16, 4.529440599999999e-16, 5.9423303e-06, -1.0472100299999994e-06, -2.279283400000002e-09, 3.182140339999997e-10]
7: [-5.099999999999999e-21, -2.3990220000000725e-14, -4.94980078e-13, 1.3201075299999999e-11, -7.521481299999998e-11, -3.4366976999999996e-15, 4.9294406e-16, 6.6423303e-06, -9.772100299999997e-07, -2.979283400000002e-09, 4.182140339999997e-10]
8: [-4.8e-21, -8.979902200000005e-13, -4.94980078e-13, 2.02010753e-11, -7.721481299999998e-11, -3.5366976999999997e-15, 4.3294406000000005e-16, 6.9423303e-06, -1.0472100299999997e-06, -4.692834e-10, 2.0821403399999973e-10]

Selection Population

1: [-4.6999999999999995e-21, -8.679902200000005e-13, -6.24980078e-13, 1.22010753e-11, -7.621481299999998e-11, -6.866976999999996e-16, 4.4294405999999987e-16, 7.942330299999999e-06, -9.472100299999994e-07, -2.379283400000002e-09, 3.082140339999997e-10]
2: [-8.699999999999875e-24, -3.999022000000072e-14, -5.049800780000001e-13, 7.8010753e-12, -8.1214813e-11, -6.866976999999996e-16, 4.729440599999999e-16, 7.6423303e-06, -1.0272100299999994e-06, -3.1792834000000017e-09, 3.782140339999997e-10]
3: [-4.6999999999999995e-21, -8.679902200000005e-13, -6.24980078e-13, 1.22010753e-11, -7.621481299999998e-11, -6.866976999999996e-16, 4.4294405999999987e-16, 7.942330299999999e-06, -9.472100299999994e-07, -2.379283400000002e-09, 3.082140339999997e-10]
4: [-9.199999999999876e-24, -4.1990220000000724e-14, -5.349800780000001e-13, 8.1010753e-12, -8.9214813e-11, -6.466976999999997e-16, 5.329440599999999e-16, 5.7423303e-06, -1.0472100299999994e-06, -2.0792834000000018e-09, 4.182140339999997e-10]
5: [-4.6999999999999995e-21, -8.679902200000005e-13, -6.24980078e-13, 1.22010753e-11, -7.621481299999998e-11, -6.866976999999996e-16, 4.4294405999999987e-16, 7.942330299999999e-06, -9.472100299999994e-07, -2.379283400000002e-09, 3.082140339999997e-10]
6: [-5.099999999999999e-21, -2.3990220000000725e-14, -4.94980078e-13, 1.3201075299999999e-11, -7.521481299999998e-11, -3.4366976999999996e-15, 4.9294406e-16, 6.6423303e-06, -9.772100299999997e-07, -2.979283400000002e-09, 4.182140339999997e-10]
7: [-8.699999999999875e-24, -3.999022000000072e-14, -5.049800780000001e-13, 7.8010753e-12, -8.1214813e-11, -6.866976999999996e-16, 4.729440599999999e-16, 7.6423303e-06, -1.0272100299999994e-06, -3.1792834000000017e-09, 3.782140339999997e-10]
8: [-9.199999999999876e-24, -4.1990220000000724e-14, -5.349800780000001e-13, 8.1010753e-12, -8.9214813e-11, -6.466976999999997e-16, 5.329440599999999e-16, 5.7423303e-06, -1.0472100299999994e-06, -2.0792834000000018e-09, 4.182140339999997e-10]

CrossOver Population

1: [-4.6999999999999995e-21, -8.679902200000005e-13, -6.24980078e-13, 1.22010753e-11, -8.1214813e-11, -6.866976999999996e-16, 4.729440599999999e-16, 7.6423303e-06, -9.472100299999994e-07, -3.1792834000000017e-09, 3.782140339999997e-10]
2: [-4.6999999999999995e-21, -8.679902200000005e-13, -6.24980078e-13, 1.22010753e-11, -8.1214813e-11, -6.866976999999996e-16, 4.729440599999999e-16, 7.6423303e-06, -9.472100299999994e-07, -3.1792834000000017e-09, 3.782140339999997e-10]
3: [-4.6999999999999995e-21, -8.679902200000005e-13, -5.349800780000001e-13, 1.22010753e-11, -8.9214813e-11, -6.866976999999996e-16, 4.4294405999999987e-16, 5.7423303e-06, -9.472100299999994e-07, -2.0792834000000018e-09, 3.082140339999997e-10]
4: [-9.199999999999876e-24, -4.1990220000000724e-14, -6.24980078e-13, 1.22010753e-11, -7.621481299999998e-11, -6.466976999999997e-16, 4.4294405999999987e-16, 7.942330299999999e-06, -1.0472100299999994e-06, -2.0792834000000018e-09, 3.082140339999997e-10]
5: [-4.6999999999999995e-21, -2.3990220000000725e-14, -6.24980078e-13, 1.22010753e-11, -7.621481299999998e-11, -3.4366976999999996e-15, 4.9294406e-16, 7.942330299999999e-06, -9.772100299999997e-07, -2.979283400000002e-09, 4.182140339999997e-10]
6: [-5.099999999999999e-21, -2.3990220000000725e-14, -4.94980078e-13, 1.22010753e-11, -7.521481299999998e-11, -3.4366976999999996e-15, 4.9294406e-16, 7.942330299999999e-06, -9.772100299999997e-07, -2.979283400000002e-09, 3.082140339999997e-10]
7: [-8.699999999999875e-24, -4.1990220000000724e-14, -5.349800780000001e-13, 8.1010753e-12, -8.9214813e-11, -6.466976999999997e-16, 4.729440599999999e-16, 7.6423303e-06, -1.0472100299999994e-06, -3.1792834000000017e-09, 4.182140339999997e-10]
8: [-9.199999999999876e-24, -4.1990220000000724e-14, -5.349800780000001e-13, 7.8010753e-12, -8.9214813e-11, -6.866976999999996e-16, 5.329440599999999e-16, 7.6423303e-06, -1.0272100299999994e-06, -2.0792834000000018e-09, 4.182140339999997e-10]

Mutation Population

1: [-4.8999999999999994e-21, -7.779902200000005e-13, -5.74980078e-13, 1.72010753e-11, -8.321481300000001e-11, -7.266976999999996e-16, 5.029440599999999e-16, 6.7423303e-06, -8.872100299999995e-07, -3.2792834000000018e-09, 4.482140339999997e-10]
2: [-5.3e-21, -9.379902200000004e-13, -7.14980078e-13, 1.62010753e-11, -7.9214813e-11, -5.966976999999996e-16, 4.629440599999999e-16, 7.242330299999999e-06, -9.772100299999995e-07, -2.779283400000002e-09, 4.082140339999997e-10]
3: [-4e-21, -9.379902200000004e-13, -5.74980078e-13, 2.12010753e-11, -8.521481299999998e-11, -7.766976999999996e-16, 4.229440599999999e-16, 5.3423303e-06, -8.972100299999994e-07, -1.5792834000000019e-09, 3.282140339999997e-10]
4: [-1.0099999999999875e-23, -3.9990220000000726e-14, -6.74980078e-13, 2.12010753e-11, -8.121481299999998e-11, -6.066976999999996e-16, 4.429440599999999e-16, 7.3423302999999985e-06, -1.6472100299999994e-06, -1.679283400000002e-09, 3.282140339999997e-10]
5: [-3.899999999999999e-21, -1.5990220000000724e-14, -5.74980078e-13, 1.12010753e-11, -7.921481299999998e-11, -3.6366977e-15, 5.129440600000001e-16, 8.7423303e-06, -1.0472100299999997e-06, -3.179283400000002e-09, 4.582140339999997e-10]
6: [-5.3999999999999995e-21, -2.4990220000000723e-14, -5.54980078e-13, 5.201075299999999e-12, -6.721481299999999e-11, -3.7366977e-15, 4.929440599999998e-16, 8.642330299999999e-06, -1.0472100299999997e-06, -2.979283400000002e-09, 2.182140339999997e-10]
7: [-8.599999999999874e-24, -4.699022000000073e-14, -5.44980078e-13, 8.2010753e-12, -9.5214813e-11, -6.166976999999996e-16, 4.429440599999999e-16, 8.2423303e-06, -1.2272100299999994e-06, -4.0792834000000015e-09, 4.682140339999997e-10]
8: [-9.399999999999875e-24, -5.099022000000072e-14, -6.14980078e-13, 7.2010753e-12, -9.6214813e-11, -6.766976999999997e-16, 5.029440599999999e-16, 7.0423303e-06, -1.2721002999999946e-07, -1.8792834000000017e-09, 4.582140339999997e-10]


----------------------------------------------------------------------------------------------

Generation(Iteration): 6

Initial Population

1: [-4.8999999999999994e-21, -7.779902200000005e-13, -5.74980078e-13, 1.72010753e-11, -8.321481300000001e-11, -7.266976999999996e-16, 5.029440599999999e-16, 6.7423303e-06, -8.872100299999995e-07, -3.2792834000000018e-09, 4.482140339999997e-10]
2: [-5.3e-21, -9.379902200000004e-13, -7.14980078e-13, 1.62010753e-11, -7.9214813e-11, -5.966976999999996e-16, 4.629440599999999e-16, 7.242330299999999e-06, -9.772100299999995e-07, -2.779283400000002e-09, 4.082140339999997e-10]
3: [-4e-21, -9.379902200000004e-13, -5.74980078e-13, 2.12010753e-11, -8.521481299999998e-11, -7.766976999999996e-16, 4.229440599999999e-16, 5.3423303e-06, -8.972100299999994e-07, -1.5792834000000019e-09, 3.282140339999997e-10]
4: [-1.0099999999999875e-23, -3.9990220000000726e-14, -6.74980078e-13, 2.12010753e-11, -8.121481299999998e-11, -6.066976999999996e-16, 4.429440599999999e-16, 7.3423302999999985e-06, -1.6472100299999994e-06, -1.679283400000002e-09, 3.282140339999997e-10]
5: [-3.899999999999999e-21, -1.5990220000000724e-14, -5.74980078e-13, 1.12010753e-11, -7.921481299999998e-11, -3.6366977e-15, 5.129440600000001e-16, 8.7423303e-06, -1.0472100299999997e-06, -3.179283400000002e-09, 4.582140339999997e-10]
6: [-5.3999999999999995e-21, -2.4990220000000723e-14, -5.54980078e-13, 5.201075299999999e-12, -6.721481299999999e-11, -3.7366977e-15, 4.929440599999998e-16, 8.642330299999999e-06, -1.0472100299999997e-06, -2.979283400000002e-09, 2.182140339999997e-10]
7: [-8.599999999999874e-24, -4.699022000000073e-14, -5.44980078e-13, 8.2010753e-12, -9.5214813e-11, -6.166976999999996e-16, 4.429440599999999e-16, 8.2423303e-06, -1.2272100299999994e-06, -4.0792834000000015e-09, 4.682140339999997e-10]
8: [-9.399999999999875e-24, -5.099022000000072e-14, -6.14980078e-13, 7.2010753e-12, -9.6214813e-11, -6.766976999999997e-16, 5.029440599999999e-16, 7.0423303e-06, -1.2721002999999946e-07, -1.8792834000000017e-09, 4.582140339999997e-10]

Selection Population

1: [-3.899999999999999e-21, -1.5990220000000724e-14, -5.74980078e-13, 1.12010753e-11, -7.921481299999998e-11, -3.6366977e-15, 5.129440600000001e-16, 8.7423303e-06, -1.0472100299999997e-06, -3.179283400000002e-09, 4.582140339999997e-10]
2: [-8.599999999999874e-24, -4.699022000000073e-14, -5.44980078e-13, 8.2010753e-12, -9.5214813e-11, -6.166976999999996e-16, 4.429440599999999e-16, 8.2423303e-06, -1.2272100299999994e-06, -4.0792834000000015e-09, 4.682140339999997e-10]
3: [-3.899999999999999e-21, -1.5990220000000724e-14, -5.74980078e-13, 1.12010753e-11, -7.921481299999998e-11, -3.6366977e-15, 5.129440600000001e-16, 8.7423303e-06, -1.0472100299999997e-06, -3.179283400000002e-09, 4.582140339999997e-10]
4: [-4e-21, -9.379902200000004e-13, -5.74980078e-13, 2.12010753e-11, -8.521481299999998e-11, -7.766976999999996e-16, 4.229440599999999e-16, 5.3423303e-06, -8.972100299999994e-07, -1.5792834000000019e-09, 3.282140339999997e-10]
5: [-3.899999999999999e-21, -1.5990220000000724e-14, -5.74980078e-13, 1.12010753e-11, -7.921481299999998e-11, -3.6366977e-15, 5.129440600000001e-16, 8.7423303e-06, -1.0472100299999997e-06, -3.179283400000002e-09, 4.582140339999997e-10]
6: [-5.3e-21, -9.379902200000004e-13, -7.14980078e-13, 1.62010753e-11, -7.9214813e-11, -5.966976999999996e-16, 4.629440599999999e-16, 7.242330299999999e-06, -9.772100299999995e-07, -2.779283400000002e-09, 4.082140339999997e-10]
7: [-8.599999999999874e-24, -4.699022000000073e-14, -5.44980078e-13, 8.2010753e-12, -9.5214813e-11, -6.166976999999996e-16, 4.429440599999999e-16, 8.2423303e-06, -1.2272100299999994e-06, -4.0792834000000015e-09, 4.682140339999997e-10]
8: [-4e-21, -9.379902200000004e-13, -5.74980078e-13, 2.12010753e-11, -8.521481299999998e-11, -7.766976999999996e-16, 4.229440599999999e-16, 5.3423303e-06, -8.972100299999994e-07, -1.5792834000000019e-09, 3.282140339999997e-10]

CrossOver Population

1: [-3.899999999999999e-21, -4.699022000000073e-14, -5.74980078e-13, 8.2010753e-12, -7.921481299999998e-11, -3.6366977e-15, 5.129440600000001e-16, 8.2423303e-06, -1.0472100299999997e-06, -3.179283400000002e-09, 4.682140339999997e-10]
2: [-3.899999999999999e-21, -4.699022000000073e-14, -5.74980078e-13, 8.2010753e-12, -7.921481299999998e-11, -3.6366977e-15, 5.129440600000001e-16, 8.7423303e-06, -1.0472100299999997e-06, -3.179283400000002e-09, 4.682140339999997e-10]
3: [-4e-21, -1.5990220000000724e-14, -5.74980078e-13, 1.12010753e-11, -7.921481299999998e-11, -7.766976999999996e-16, 5.129440600000001e-16, 8.7423303e-06, -8.972100299999994e-07, -1.5792834000000019e-09, 4.582140339999997e-10]
4: [-3.899999999999999e-21, -9.379902200000004e-13, -5.74980078e-13, 2.12010753e-11, -7.921481299999998e-11, -7.766976999999996e-16, 5.129440600000001e-16, 8.7423303e-06, -1.0472100299999997e-06, -1.5792834000000019e-09, 4.582140339999997e-10]
5: [-3.899999999999999e-21, -1.5990220000000724e-14, -5.74980078e-13, 1.62010753e-11, -7.921481299999998e-11, -3.6366977e-15, 5.129440600000001e-16, 8.7423303e-06, -1.0472100299999997e-06, -2.779283400000002e-09, 4.082140339999997e-10]
6: [-3.899999999999999e-21, -1.5990220000000724e-14, -7.14980078e-13, 1.12010753e-11, -7.921481299999998e-11, -3.6366977e-15, 5.129440600000001e-16, 8.7423303e-06, -1.0472100299999997e-06, -3.179283400000002e-09, 4.082140339999997e-10]
7: [-4e-21, -4.699022000000073e-14, -5.44980078e-13, 8.2010753e-12, -8.521481299999998e-11, -7.766976999999996e-16, 4.229440599999999e-16, 8.2423303e-06, -1.2272100299999994e-06, -4.0792834000000015e-09, 3.282140339999997e-10]
8: [-8.599999999999874e-24, -4.699022000000073e-14, -5.44980078e-13, 2.12010753e-11, -9.5214813e-11, -6.166976999999996e-16, 4.429440599999999e-16, 5.3423303e-06, -1.2272100299999994e-06, -4.0792834000000015e-09, 3.282140339999997e-10]

Mutation Population

1: [-4.599999999999999e-21, -4.399022000000073e-14, -5.94980078e-13, 7.2010752999999996e-12, -7.821481299999999e-11, -2.9366976999999998e-15, 5.929440600000001e-16, 8.442330299999999e-06, -1.472100299999997e-07, -2.379283400000002e-09, 4.682140339999997e-10]
2: [-3.1999999999999994e-21, -4.2990220000000726e-14, -5.74980078e-13, 4.2010752999999994e-12, -8.321481299999998e-11, -3.4366976999999996e-15, 6.0294406000000005e-16, 9.4423303e-06, -2.472100299999997e-07, -3.479283400000002e-09, 5.282140339999997e-10]
3: [-4.299999999999999e-21, -1.8990220000000724e-14, -5.94980078e-13, 1.42010753e-11, -8.121481299999999e-11, -6.866976999999996e-16, 5.5294406e-16, 8.442330299999999e-06, -8.172100299999994e-07, -9.792834000000019e-10, 4.182140339999997e-10]
4: [-3.399999999999999e-21, -1.0079902200000003e-12, -5.54980078e-13, 1.92010753e-11, -7.221481299999998e-11, -8.066976999999996e-16, 6.0294406000000005e-16, 8.9423303e-06, -1.5472100299999995e-06, -1.679283400000002e-09, 4.982140339999997e-10]
5: [-4.399999999999999e-21, -2.4990220000000727e-14, -4.94980078e-13, 1.72010753e-11, -7.821481299999999e-11, -3.1366976999999995e-15, 5.329440600000001e-16, 9.4423303e-06, -1.6472100299999996e-06, -2.379283400000002e-09, 4.282140339999997e-10]
6: [-3.099999999999999e-21, -6.990220000000723e-15, -7.24980078e-13, 1.2201075300000001e-11, -7.6214813e-11, -4.5366977e-15, 5.5294406e-16, 9.6423303e-06, -1.6472100299999996e-06, -4.079283400000002e-09, 4.182140339999997e-10]
7: [-4.399999999999999e-21, -4.8990220000000725e-14, -4.74980078e-13, 7.7010753e-12, -8.721481300000001e-11, -8.466976999999996e-16, 4.2294405999999994e-16, 8.0423303e-06, -1.5272100299999993e-06, -4.279283400000002e-09, 3.782140339999997e-10]
8: [-8.499999999999874e-24, -4.5990220000000725e-14, -5.14980078e-13, 2.92010753e-11, -1.0221481300000001e-10, -6.466976999999996e-16, 4.729440599999999e-16, 5.7423302999999994e-06, -1.6272100299999994e-06, -4.579283400000002e-09, 2.582140339999997e-10]


----------------------------------------------------------------------------------------------

Generation(Iteration): 7

Initial Population

1: [-4.599999999999999e-21, -4.399022000000073e-14, -5.94980078e-13, 7.2010752999999996e-12, -7.821481299999999e-11, -2.9366976999999998e-15, 5.929440600000001e-16, 8.442330299999999e-06, -1.472100299999997e-07, -2.379283400000002e-09, 4.682140339999997e-10]
2: [-3.1999999999999994e-21, -4.2990220000000726e-14, -5.74980078e-13, 4.2010752999999994e-12, -8.321481299999998e-11, -3.4366976999999996e-15, 6.0294406000000005e-16, 9.4423303e-06, -2.472100299999997e-07, -3.479283400000002e-09, 5.282140339999997e-10]
3: [-4.299999999999999e-21, -1.8990220000000724e-14, -5.94980078e-13, 1.42010753e-11, -8.121481299999999e-11, -6.866976999999996e-16, 5.5294406e-16, 8.442330299999999e-06, -8.172100299999994e-07, -9.792834000000019e-10, 4.182140339999997e-10]
4: [-3.399999999999999e-21, -1.0079902200000003e-12, -5.54980078e-13, 1.92010753e-11, -7.221481299999998e-11, -8.066976999999996e-16, 6.0294406000000005e-16, 8.9423303e-06, -1.5472100299999995e-06, -1.679283400000002e-09, 4.982140339999997e-10]
5: [-4.399999999999999e-21, -2.4990220000000727e-14, -4.94980078e-13, 1.72010753e-11, -7.821481299999999e-11, -3.1366976999999995e-15, 5.329440600000001e-16, 9.4423303e-06, -1.6472100299999996e-06, -2.379283400000002e-09, 4.282140339999997e-10]
6: [-3.099999999999999e-21, -6.990220000000723e-15, -7.24980078e-13, 1.2201075300000001e-11, -7.6214813e-11, -4.5366977e-15, 5.5294406e-16, 9.6423303e-06, -1.6472100299999996e-06, -4.079283400000002e-09, 4.182140339999997e-10]
7: [-4.399999999999999e-21, -4.8990220000000725e-14, -4.74980078e-13, 7.7010753e-12, -8.721481300000001e-11, -8.466976999999996e-16, 4.2294405999999994e-16, 8.0423303e-06, -1.5272100299999993e-06, -4.279283400000002e-09, 3.782140339999997e-10]
8: [-8.499999999999874e-24, -4.5990220000000725e-14, -5.14980078e-13, 2.92010753e-11, -1.0221481300000001e-10, -6.466976999999996e-16, 4.729440599999999e-16, 5.7423302999999994e-06, -1.6272100299999994e-06, -4.579283400000002e-09, 2.582140339999997e-10]

Selection Population

1: [-3.399999999999999e-21, -1.0079902200000003e-12, -5.54980078e-13, 1.92010753e-11, -7.221481299999998e-11, -8.066976999999996e-16, 6.0294406000000005e-16, 8.9423303e-06, -1.5472100299999995e-06, -1.679283400000002e-09, 4.982140339999997e-10]
2: [-4.299999999999999e-21, -1.8990220000000724e-14, -5.94980078e-13, 1.42010753e-11, -8.121481299999999e-11, -6.866976999999996e-16, 5.5294406e-16, 8.442330299999999e-06, -8.172100299999994e-07, -9.792834000000019e-10, 4.182140339999997e-10]
3: [-3.399999999999999e-21, -1.0079902200000003e-12, -5.54980078e-13, 1.92010753e-11, -7.221481299999998e-11, -8.066976999999996e-16, 6.0294406000000005e-16, 8.9423303e-06, -1.5472100299999995e-06, -1.679283400000002e-09, 4.982140339999997e-10]
4: [-4.399999999999999e-21, -2.4990220000000727e-14, -4.94980078e-13, 1.72010753e-11, -7.821481299999999e-11, -3.1366976999999995e-15, 5.329440600000001e-16, 9.4423303e-06, -1.6472100299999996e-06, -2.379283400000002e-09, 4.282140339999997e-10]
5: [-3.399999999999999e-21, -1.0079902200000003e-12, -5.54980078e-13, 1.92010753e-11, -7.221481299999998e-11, -8.066976999999996e-16, 6.0294406000000005e-16, 8.9423303e-06, -1.5472100299999995e-06, -1.679283400000002e-09, 4.982140339999997e-10]
6: [-4.399999999999999e-21, -4.8990220000000725e-14, -4.74980078e-13, 7.7010753e-12, -8.721481300000001e-11, -8.466976999999996e-16, 4.2294405999999994e-16, 8.0423303e-06, -1.5272100299999993e-06, -4.279283400000002e-09, 3.782140339999997e-10]
7: [-4.299999999999999e-21, -1.8990220000000724e-14, -5.94980078e-13, 1.42010753e-11, -8.121481299999999e-11, -6.866976999999996e-16, 5.5294406e-16, 8.442330299999999e-06, -8.172100299999994e-07, -9.792834000000019e-10, 4.182140339999997e-10]
8: [-4.399999999999999e-21, -2.4990220000000727e-14, -4.94980078e-13, 1.72010753e-11, -7.821481299999999e-11, -3.1366976999999995e-15, 5.329440600000001e-16, 9.4423303e-06, -1.6472100299999996e-06, -2.379283400000002e-09, 4.282140339999997e-10]

CrossOver Population

1: [-4.299999999999999e-21, -1.0079902200000003e-12, -5.94980078e-13, 1.92010753e-11, -7.221481299999998e-11, -6.866976999999996e-16, 5.5294406e-16, 8.442330299999999e-06, -1.5472100299999995e-06, -1.679283400000002e-09, 4.982140339999997e-10]
2: [-4.299999999999999e-21, -1.0079902200000003e-12, -5.54980078e-13, 1.42010753e-11, -8.121481299999999e-11, -6.866976999999996e-16, 5.5294406e-16, 8.442330299999999e-06, -8.172100299999994e-07, -1.679283400000002e-09, 4.182140339999997e-10]
3: [-4.399999999999999e-21, -2.4990220000000727e-14, -5.54980078e-13, 1.92010753e-11, -7.221481299999998e-11, -8.066976999999996e-16, 6.0294406000000005e-16, 9.4423303e-06, -1.5472100299999995e-06, -1.679283400000002e-09, 4.282140339999997e-10]
4: [-3.399999999999999e-21, -2.4990220000000727e-14, -4.94980078e-13, 1.72010753e-11, -7.821481299999999e-11, -8.066976999999996e-16, 6.0294406000000005e-16, 8.9423303e-06, -1.5472100299999995e-06, -1.679283400000002e-09, 4.982140339999997e-10]
5: [-3.399999999999999e-21, -1.0079902200000003e-12, -5.54980078e-13, 7.7010753e-12, -8.721481300000001e-11, -8.466976999999996e-16, 6.0294406000000005e-16, 8.0423303e-06, -1.5272100299999993e-06, -4.279283400000002e-09, 4.982140339999997e-10]
6: [-4.399999999999999e-21, -4.8990220000000725e-14, -4.74980078e-13, 7.7010753e-12, -8.721481300000001e-11, -8.066976999999996e-16, 4.2294405999999994e-16, 8.0423303e-06, -1.5272100299999993e-06, -1.679283400000002e-09, 4.982140339999997e-10]
7: [-4.299999999999999e-21, -2.4990220000000727e-14, -4.94980078e-13, 1.72010753e-11, -8.121481299999999e-11, -6.866976999999996e-16, 5.329440600000001e-16, 8.442330299999999e-06, -8.172100299999994e-07, -9.792834000000019e-10, 4.182140339999997e-10]
8: [-4.399999999999999e-21, -1.8990220000000724e-14, -5.94980078e-13, 1.42010753e-11, -8.121481299999999e-11, -3.1366976999999995e-15, 5.329440600000001e-16, 9.4423303e-06, -1.6472100299999996e-06, -9.792834000000019e-10, 4.282140339999997e-10]

Mutation Population

1: [-4.1999999999999995e-21, -1.6079902200000004e-12, -5.849800779999999e-13, 2.12010753e-11, -7.421481299999999e-11, -6.066976999999996e-16, 5.729440600000001e-16, 7.742330299999999e-06, -1.3472100299999995e-06, -2.479283400000002e-09, 4.782140339999997e-10]
2: [-4.099999999999999e-21, -1.8079902200000003e-12, -4.949800779999999e-13, 1.62010753e-11, -8.421481299999999e-11, -6.066976999999996e-16, 5.129440600000001e-16, 8.442330299999999e-06, -7.872100299999994e-07, -2.479283400000002e-09, 4.582140339999997e-10]
3: [-4.1999999999999995e-21, -3.2990220000000724e-14, -5.84980078e-13, 2.5201075299999998e-11, -6.321481299999999e-11, -8.966976999999996e-16, 5.829440600000001e-16, 9.2423303e-06, -7.472100299999997e-07, -8.792834000000019e-10, 3.882140339999997e-10]
4: [-2.8999999999999992e-21, -2.079902200000003e-13, -5.149800779999999e-13, 1.52010753e-11, -7.921481299999998e-11, -8.266976999999996e-16, 6.229440600000001e-16, 9.0423303e-06, -1.2472100299999994e-06, -1.779283400000002e-09, 5.182140339999997e-10]
5: [-2.7999999999999993e-21, -7.079902200000003e-13, -6.14980078e-13, 8.3010753e-12, -9.2214813e-11, -9.366976999999996e-16, 5.629440600000001e-16, 8.1423303e-06, -9.472100299999995e-07, -4.0792834000000015e-09, 5.882140339999997e-10]
6: [-3.899999999999999e-21, -5.1990220000000725e-14, -4.94980078e-13, 1.3201075299999999e-11, -8.1214813e-11, -7.766976999999996e-16, 4.8294406e-16, 8.442330299999999e-06, -1.4472100299999996e-06, -1.9792834000000017e-09, 5.882140339999997e-10]
7: [-3.999999999999999e-21, -2.4990220000000723e-14, -5.24980078e-13, 2.02010753e-11, -8.921481299999999e-11, -7.466976999999996e-16, 5.129440600000001e-16, 8.8423303e-06, -8.972100299999994e-07, -1.029283400000002e-09, 3.7821403399999966e-10]
8: [-5.099999999999999e-21, -2.0990220000000725e-14, -6.84980078e-13, 1.52010753e-11, -8.221481299999999e-11, -3.836697699999999e-15, 4.8294406e-16, 9.042330299999998e-06, -1.7472100299999997e-06, -1.0592834000000018e-09, 4.982140339999997e-10]


----------------------------------------------------------------------------------------------

Generation(Iteration): 8

Initial Population

1: [-4.1999999999999995e-21, -1.6079902200000004e-12, -5.849800779999999e-13, 2.12010753e-11, -7.421481299999999e-11, -6.066976999999996e-16, 5.729440600000001e-16, 7.742330299999999e-06, -1.3472100299999995e-06, -2.479283400000002e-09, 4.782140339999997e-10]
2: [-4.099999999999999e-21, -1.8079902200000003e-12, -4.949800779999999e-13, 1.62010753e-11, -8.421481299999999e-11, -6.066976999999996e-16, 5.129440600000001e-16, 8.442330299999999e-06, -7.872100299999994e-07, -2.479283400000002e-09, 4.582140339999997e-10]
3: [-4.1999999999999995e-21, -3.2990220000000724e-14, -5.84980078e-13, 2.5201075299999998e-11, -6.321481299999999e-11, -8.966976999999996e-16, 5.829440600000001e-16, 9.2423303e-06, -7.472100299999997e-07, -8.792834000000019e-10, 3.882140339999997e-10]
4: [-2.8999999999999992e-21, -2.079902200000003e-13, -5.149800779999999e-13, 1.52010753e-11, -7.921481299999998e-11, -8.266976999999996e-16, 6.229440600000001e-16, 9.0423303e-06, -1.2472100299999994e-06, -1.779283400000002e-09, 5.182140339999997e-10]
5: [-2.7999999999999993e-21, -7.079902200000003e-13, -6.14980078e-13, 8.3010753e-12, -9.2214813e-11, -9.366976999999996e-16, 5.629440600000001e-16, 8.1423303e-06, -9.472100299999995e-07, -4.0792834000000015e-09, 5.882140339999997e-10]
6: [-3.899999999999999e-21, -5.1990220000000725e-14, -4.94980078e-13, 1.3201075299999999e-11, -8.1214813e-11, -7.766976999999996e-16, 4.8294406e-16, 8.442330299999999e-06, -1.4472100299999996e-06, -1.9792834000000017e-09, 5.882140339999997e-10]
7: [-3.999999999999999e-21, -2.4990220000000723e-14, -5.24980078e-13, 2.02010753e-11, -8.921481299999999e-11, -7.466976999999996e-16, 5.129440600000001e-16, 8.8423303e-06, -8.972100299999994e-07, -1.029283400000002e-09, 3.7821403399999966e-10]
8: [-5.099999999999999e-21, -2.0990220000000725e-14, -6.84980078e-13, 1.52010753e-11, -8.221481299999999e-11, -3.836697699999999e-15, 4.8294406e-16, 9.042330299999998e-06, -1.7472100299999997e-06, -1.0592834000000018e-09, 4.982140339999997e-10]

Selection Population

1: [-4.1999999999999995e-21, -1.6079902200000004e-12, -5.849800779999999e-13, 2.12010753e-11, -7.421481299999999e-11, -6.066976999999996e-16, 5.729440600000001e-16, 7.742330299999999e-06, -1.3472100299999995e-06, -2.479283400000002e-09, 4.782140339999997e-10]
2: [-3.899999999999999e-21, -5.1990220000000725e-14, -4.94980078e-13, 1.3201075299999999e-11, -8.1214813e-11, -7.766976999999996e-16, 4.8294406e-16, 8.442330299999999e-06, -1.4472100299999996e-06, -1.9792834000000017e-09, 5.882140339999997e-10]
3: [-4.1999999999999995e-21, -1.6079902200000004e-12, -5.849800779999999e-13, 2.12010753e-11, -7.421481299999999e-11, -6.066976999999996e-16, 5.729440600000001e-16, 7.742330299999999e-06, -1.3472100299999995e-06, -2.479283400000002e-09, 4.782140339999997e-10]
4: [-2.8999999999999992e-21, -2.079902200000003e-13, -5.149800779999999e-13, 1.52010753e-11, -7.921481299999998e-11, -8.266976999999996e-16, 6.229440600000001e-16, 9.0423303e-06, -1.2472100299999994e-06, -1.779283400000002e-09, 5.182140339999997e-10]
5: [-4.1999999999999995e-21, -1.6079902200000004e-12, -5.849800779999999e-13, 2.12010753e-11, -7.421481299999999e-11, -6.066976999999996e-16, 5.729440600000001e-16, 7.742330299999999e-06, -1.3472100299999995e-06, -2.479283400000002e-09, 4.782140339999997e-10]
6: [-3.999999999999999e-21, -2.4990220000000723e-14, -5.24980078e-13, 2.02010753e-11, -8.921481299999999e-11, -7.466976999999996e-16, 5.129440600000001e-16, 8.8423303e-06, -8.972100299999994e-07, -1.029283400000002e-09, 3.7821403399999966e-10]
7: [-3.899999999999999e-21, -5.1990220000000725e-14, -4.94980078e-13, 1.3201075299999999e-11, -8.1214813e-11, -7.766976999999996e-16, 4.8294406e-16, 8.442330299999999e-06, -1.4472100299999996e-06, -1.9792834000000017e-09, 5.882140339999997e-10]
8: [-2.8999999999999992e-21, -2.079902200000003e-13, -5.149800779999999e-13, 1.52010753e-11, -7.921481299999998e-11, -8.266976999999996e-16, 6.229440600000001e-16, 9.0423303e-06, -1.2472100299999994e-06, -1.779283400000002e-09, 5.182140339999997e-10]

CrossOver Population

1: [-3.899999999999999e-21, -5.1990220000000725e-14, -5.849800779999999e-13, 1.3201075299999999e-11, -8.1214813e-11, -6.066976999999996e-16, 5.729440600000001e-16, 7.742330299999999e-06, -1.3472100299999995e-06, -1.9792834000000017e-09, 4.782140339999997e-10]
2: [-3.899999999999999e-21, -5.1990220000000725e-14, -4.94980078e-13, 2.12010753e-11, -7.421481299999999e-11, -7.766976999999996e-16, 5.729440600000001e-16, 7.742330299999999e-06, -1.3472100299999995e-06, -2.479283400000002e-09, 5.882140339999997e-10]
3: [-4.1999999999999995e-21, -1.6079902200000004e-12, -5.149800779999999e-13, 1.52010753e-11, -7.921481299999998e-11, -6.066976999999996e-16, 5.729440600000001e-16, 7.742330299999999e-06, -1.3472100299999995e-06, -2.479283400000002e-09, 4.782140339999997e-10]
4: [-2.8999999999999992e-21, -2.079902200000003e-13, -5.849800779999999e-13, 1.52010753e-11, -7.421481299999999e-11, -6.066976999999996e-16, 5.729440600000001e-16, 9.0423303e-06, -1.3472100299999995e-06, -1.779283400000002e-09, 4.782140339999997e-10]
5: [-4.1999999999999995e-21, -1.6079902200000004e-12, -5.849800779999999e-13, 2.12010753e-11, -7.421481299999999e-11, -6.066976999999996e-16, 5.729440600000001e-16, 7.742330299999999e-06, -8.972100299999994e-07, -2.479283400000002e-09, 4.782140339999997e-10]
6: [-3.999999999999999e-21, -2.4990220000000723e-14, -5.24980078e-13, 2.02010753e-11, -8.921481299999999e-11, -6.066976999999996e-16, 5.129440600000001e-16, 8.8423303e-06, -8.972100299999994e-07, -2.479283400000002e-09, 4.782140339999997e-10]
7: [-3.899999999999999e-21, -5.1990220000000725e-14, -5.149800779999999e-13, 1.3201075299999999e-11, -7.921481299999998e-11, -8.266976999999996e-16, 4.8294406e-16, 9.0423303e-06, -1.4472100299999996e-06, -1.9792834000000017e-09, 5.182140339999997e-10]
8: [-2.8999999999999992e-21, -5.1990220000000725e-14, -4.94980078e-13, 1.52010753e-11, -8.1214813e-11, -7.766976999999996e-16, 6.229440600000001e-16, 8.442330299999999e-06, -1.4472100299999996e-06, -1.779283400000002e-09, 5.182140339999997e-10]

Mutation Population

1: [-3.399999999999999e-21, -5.4990220000000725e-14, -5.649800779999999e-13, 1.3201075299999999e-11, -8.221481299999999e-11, -6.166976999999996e-16, 6.0294406000000005e-16, 7.542330299999999e-06, -1.0472100299999997e-06, -1.679283400000002e-09, 4.3821403399999966e-10]
2: [-3.2999999999999997e-21, -5.4990220000000725e-14, -5.149800779999999e-13, 1.82010753e-11, -7.621481300000001e-11, -8.066976999999996e-16, 5.929440600000001e-16, 8.0423303e-06, -1.3472100299999997e-06, -2.279283400000002e-09, 5.482140339999996e-10]
3: [-5.099999999999999e-21, -1.7079902200000004e-12, -5.34980078e-13, 6.2010753000000006e-12, -7.821481299999999e-11, -5.966976999999996e-16, 5.829440600000001e-16, 8.1423303e-06, -2.2472100299999996e-06, -2.879283400000002e-09, 4.482140339999998e-10]
4: [-3.2999999999999997e-21, -2.3799022000000027e-13, -5.54980078e-13, 1.72010753e-11, -7.521481299999998e-11, -5.466976999999996e-16, 5.929440600000001e-16, 9.9423303e-06, -1.6472100299999994e-06, -1.979283400000002e-09, 4.3821403399999976e-10]
5: [-4.6999999999999995e-21, -1.3079902200000003e-12, -6.349800779999999e-13, 2.32010753e-11, -6.821481299999998e-11, -6.166976999999996e-16, 6.4294406e-16, 7.342330299999999e-06, -4.4721002999999957e-07, -2.7792834000000023e-09, 4.3821403399999966e-10]
6: [-3.4999999999999996e-21, -2.1990220000000724e-14, -4.949800779999999e-13, 1.62010753e-11, -9.1214813e-11, -5.566976999999996e-16, 5.329440600000001e-16, 8.7423303e-06, -8.672100299999994e-07, -2.879283400000002e-09, 4.982140339999997e-10]
7: [-4.1999999999999995e-21, -4.699022000000073e-14, -5.849800779999999e-13, 1.0201075300000001e-11, -7.7214813e-11, -8.766976999999997e-16, 4.629440599999999e-16, 9.7423303e-06, -2.2472100299999996e-06, -2.5792834000000017e-09, 4.882140339999997e-10]
8: [-3.1999999999999994e-21, -5.999022000000072e-14, -4.549800779999999e-13, 1.72010753e-11, -8.0214813e-11, -7.0669769999999965e-16, 6.829440600000001e-16, 7.942330299999999e-06, -1.8472100299999996e-06, -1.079283400000002e-09, 5.182140339999997e-10]


----------------------------------------------------------------------------------------------

Generation(Iteration): 9

Initial Population

1: [-3.399999999999999e-21, -5.4990220000000725e-14, -5.649800779999999e-13, 1.3201075299999999e-11, -8.221481299999999e-11, -6.166976999999996e-16, 6.0294406000000005e-16, 7.542330299999999e-06, -1.0472100299999997e-06, -1.679283400000002e-09, 4.3821403399999966e-10]
2: [-3.2999999999999997e-21, -5.4990220000000725e-14, -5.149800779999999e-13, 1.82010753e-11, -7.621481300000001e-11, -8.066976999999996e-16, 5.929440600000001e-16, 8.0423303e-06, -1.3472100299999997e-06, -2.279283400000002e-09, 5.482140339999996e-10]
3: [-5.099999999999999e-21, -1.7079902200000004e-12, -5.34980078e-13, 6.2010753000000006e-12, -7.821481299999999e-11, -5.966976999999996e-16, 5.829440600000001e-16, 8.1423303e-06, -2.2472100299999996e-06, -2.879283400000002e-09, 4.482140339999998e-10]
4: [-3.2999999999999997e-21, -2.3799022000000027e-13, -5.54980078e-13, 1.72010753e-11, -7.521481299999998e-11, -5.466976999999996e-16, 5.929440600000001e-16, 9.9423303e-06, -1.6472100299999994e-06, -1.979283400000002e-09, 4.3821403399999976e-10]
5: [-4.6999999999999995e-21, -1.3079902200000003e-12, -6.349800779999999e-13, 2.32010753e-11, -6.821481299999998e-11, -6.166976999999996e-16, 6.4294406e-16, 7.342330299999999e-06, -4.4721002999999957e-07, -2.7792834000000023e-09, 4.3821403399999966e-10]
6: [-3.4999999999999996e-21, -2.1990220000000724e-14, -4.949800779999999e-13, 1.62010753e-11, -9.1214813e-11, -5.566976999999996e-16, 5.329440600000001e-16, 8.7423303e-06, -8.672100299999994e-07, -2.879283400000002e-09, 4.982140339999997e-10]
7: [-4.1999999999999995e-21, -4.699022000000073e-14, -5.849800779999999e-13, 1.0201075300000001e-11, -7.7214813e-11, -8.766976999999997e-16, 4.629440599999999e-16, 9.7423303e-06, -2.2472100299999996e-06, -2.5792834000000017e-09, 4.882140339999997e-10]
8: [-3.1999999999999994e-21, -5.999022000000072e-14, -4.549800779999999e-13, 1.72010753e-11, -8.0214813e-11, -7.0669769999999965e-16, 6.829440600000001e-16, 7.942330299999999e-06, -1.8472100299999996e-06, -1.079283400000002e-09, 5.182140339999997e-10]

Selection Population

1: [-3.2999999999999997e-21, -5.4990220000000725e-14, -5.149800779999999e-13, 1.82010753e-11, -7.621481300000001e-11, -8.066976999999996e-16, 5.929440600000001e-16, 8.0423303e-06, -1.3472100299999997e-06, -2.279283400000002e-09, 5.482140339999996e-10]
2: [-3.399999999999999e-21, -5.4990220000000725e-14, -5.649800779999999e-13, 1.3201075299999999e-11, -8.221481299999999e-11, -6.166976999999996e-16, 6.0294406000000005e-16, 7.542330299999999e-06, -1.0472100299999997e-06, -1.679283400000002e-09, 4.3821403399999966e-10]
3: [-3.2999999999999997e-21, -5.4990220000000725e-14, -5.149800779999999e-13, 1.82010753e-11, -7.621481300000001e-11, -8.066976999999996e-16, 5.929440600000001e-16, 8.0423303e-06, -1.3472100299999997e-06, -2.279283400000002e-09, 5.482140339999996e-10]
4: [-3.2999999999999997e-21, -2.3799022000000027e-13, -5.54980078e-13, 1.72010753e-11, -7.521481299999998e-11, -5.466976999999996e-16, 5.929440600000001e-16, 9.9423303e-06, -1.6472100299999994e-06, -1.979283400000002e-09, 4.3821403399999976e-10]
5: [-3.2999999999999997e-21, -5.4990220000000725e-14, -5.149800779999999e-13, 1.82010753e-11, -7.621481300000001e-11, -8.066976999999996e-16, 5.929440600000001e-16, 8.0423303e-06, -1.3472100299999997e-06, -2.279283400000002e-09, 5.482140339999996e-10]
6: [-3.1999999999999994e-21, -5.999022000000072e-14, -4.549800779999999e-13, 1.72010753e-11, -8.0214813e-11, -7.0669769999999965e-16, 6.829440600000001e-16, 7.942330299999999e-06, -1.8472100299999996e-06, -1.079283400000002e-09, 5.182140339999997e-10]
7: [-3.399999999999999e-21, -5.4990220000000725e-14, -5.649800779999999e-13, 1.3201075299999999e-11, -8.221481299999999e-11, -6.166976999999996e-16, 6.0294406000000005e-16, 7.542330299999999e-06, -1.0472100299999997e-06, -1.679283400000002e-09, 4.3821403399999966e-10]
8: [-3.2999999999999997e-21, -2.3799022000000027e-13, -5.54980078e-13, 1.72010753e-11, -7.521481299999998e-11, -5.466976999999996e-16, 5.929440600000001e-16, 9.9423303e-06, -1.6472100299999994e-06, -1.979283400000002e-09, 4.3821403399999976e-10]

CrossOver Population

1: [-3.399999999999999e-21, -5.4990220000000725e-14, -5.149800779999999e-13, 1.3201075299999999e-11, -7.621481300000001e-11, -8.066976999999996e-16, 6.0294406000000005e-16, 8.0423303e-06, -1.3472100299999997e-06, -2.279283400000002e-09, 4.3821403399999966e-10]
2: [-3.399999999999999e-21, -5.4990220000000725e-14, -5.649800779999999e-13, 1.82010753e-11, -8.221481299999999e-11, -6.166976999999996e-16, 6.0294406000000005e-16, 7.542330299999999e-06, -1.3472100299999997e-06, -2.279283400000002e-09, 5.482140339999996e-10]
3: [-3.2999999999999997e-21, -5.4990220000000725e-14, -5.54980078e-13, 1.72010753e-11, -7.521481299999998e-11, -8.066976999999996e-16, 5.929440600000001e-16, 8.0423303e-06, -1.3472100299999997e-06, -2.279283400000002e-09, 5.482140339999996e-10]
4: [-3.2999999999999997e-21, -5.4990220000000725e-14, -5.149800779999999e-13, 1.82010753e-11, -7.521481299999998e-11, -5.466976999999996e-16, 5.929440600000001e-16, 8.0423303e-06, -1.6472100299999994e-06, -1.979283400000002e-09, 4.3821403399999976e-10]
5: [-3.2999999999999997e-21, -5.4990220000000725e-14, -5.149800779999999e-13, 1.72010753e-11, -7.621481300000001e-11, -8.066976999999996e-16, 5.929440600000001e-16, 7.942330299999999e-06, -1.3472100299999997e-06, -1.079283400000002e-09, 5.182140339999997e-10]
6: [-3.1999999999999994e-21, -5.4990220000000725e-14, -5.149800779999999e-13, 1.82010753e-11, -8.0214813e-11, -7.0669769999999965e-16, 5.929440600000001e-16, 7.942330299999999e-06, -1.3472100299999997e-06, -2.279283400000002e-09, 5.482140339999996e-10]
7: [-3.399999999999999e-21, -2.3799022000000027e-13, -5.54980078e-13, 1.3201075299999999e-11, -7.521481299999998e-11, -5.466976999999996e-16, 6.0294406000000005e-16, 7.542330299999999e-06, -1.0472100299999997e-06, -1.679283400000002e-09, 4.3821403399999976e-10]
8: [-3.399999999999999e-21, -5.4990220000000725e-14, -5.54980078e-13, 1.72010753e-11, -7.521481299999998e-11, -5.466976999999996e-16, 5.929440600000001e-16, 9.9423303e-06, -1.0472100299999997e-06, -1.679283400000002e-09, 4.3821403399999966e-10]

Mutation Population

1: [-4e-21, -5.699022000000072e-14, -5.249800779999999e-13, 1.22010753e-11, -7.121481300000001e-11, -7.966976999999996e-16, 6.729440600000001e-16, 8.5423303e-06, -1.2472100299999999e-06, -2.879283400000002e-09, 4.882140339999996e-10]
2: [-3.8e-21, -5.999022000000072e-14, -5.449800779999999e-13, 2.62010753e-11, -8.221481300000001e-11, -5.266976999999996e-16, 6.3294406e-16, 6.942330299999999e-06, -1.94721003e-06, -3.1792834000000017e-09, 6.382140339999996e-10]
3: [-2.6999999999999997e-21, -5.999022000000072e-14, -6.14980078e-13, 1.32010753e-11, -6.921481299999998e-11, -8.966976999999996e-16, 5.429440600000001e-16, 7.2423302999999995e-06, -6.472100299999998e-07, -2.379283400000002e-09, 6.182140339999996e-10]
4: [-3.1e-21, -4.5990220000000725e-14, -4.249800779999999e-13, 2.42010753e-11, -6.721481300000001e-11, -5.566976999999996e-16, 6.129440600000001e-16, 7.2423302999999995e-06, -2.2472100299999996e-06, -1.4792834000000022e-09, 4.2821403399999974e-10]
5: [-3.4e-21, -5.399022000000072e-14, -5.34980078e-13, 1.52010753e-11, -7.121481300000001e-11, -8.866976999999996e-16, 5.529440600000001e-16, 7.542330299999999e-06, -1.5472100299999995e-06, -1.379283400000002e-09, 5.082140339999997e-10]
6: [-2.4999999999999995e-21, -4.8990220000000725e-14, -5.04980078e-13, 2.32010753e-11, -8.321481300000001e-11, -7.466976999999996e-16, 5.329440600000001e-16, 7.742330299999999e-06, -5.472100299999998e-07, -1.779283400000002e-09, 6.082140339999996e-10]
7: [-3.899999999999999e-21, -1.8799022000000028e-13, -4.949800779999999e-13, 8.201075299999999e-12, -7.621481299999998e-11, -4.766976999999997e-16, 6.1294406e-16, 8.442330299999999e-06, -1.2472100299999994e-06, -9.792834000000019e-10, 5.282140339999997e-10]
8: [-3.4999999999999996e-21, -5.1990220000000725e-14, -5.049800779999999e-13, 1.52010753e-11, -7.821481299999999e-11, -5.766976999999996e-16, 5.8294406e-16, 9.5423303e-06, -4.472100299999997e-07, -1.479283400000002e-09, 3.4821403399999966e-10]


----------------------------------------------------------------------------------------------

Generation(Iteration): 10

Initial Population

1: [-4e-21, -5.699022000000072e-14, -5.249800779999999e-13, 1.22010753e-11, -7.121481300000001e-11, -7.966976999999996e-16, 6.729440600000001e-16, 8.5423303e-06, -1.2472100299999999e-06, -2.879283400000002e-09, 4.882140339999996e-10]
2: [-3.8e-21, -5.999022000000072e-14, -5.449800779999999e-13, 2.62010753e-11, -8.221481300000001e-11, -5.266976999999996e-16, 6.3294406e-16, 6.942330299999999e-06, -1.94721003e-06, -3.1792834000000017e-09, 6.382140339999996e-10]
3: [-2.6999999999999997e-21, -5.999022000000072e-14, -6.14980078e-13, 1.32010753e-11, -6.921481299999998e-11, -8.966976999999996e-16, 5.429440600000001e-16, 7.2423302999999995e-06, -6.472100299999998e-07, -2.379283400000002e-09, 6.182140339999996e-10]
4: [-3.1e-21, -4.5990220000000725e-14, -4.249800779999999e-13, 2.42010753e-11, -6.721481300000001e-11, -5.566976999999996e-16, 6.129440600000001e-16, 7.2423302999999995e-06, -2.2472100299999996e-06, -1.4792834000000022e-09, 4.2821403399999974e-10]
5: [-3.4e-21, -5.399022000000072e-14, -5.34980078e-13, 1.52010753e-11, -7.121481300000001e-11, -8.866976999999996e-16, 5.529440600000001e-16, 7.542330299999999e-06, -1.5472100299999995e-06, -1.379283400000002e-09, 5.082140339999997e-10]
6: [-2.4999999999999995e-21, -4.8990220000000725e-14, -5.04980078e-13, 2.32010753e-11, -8.321481300000001e-11, -7.466976999999996e-16, 5.329440600000001e-16, 7.742330299999999e-06, -5.472100299999998e-07, -1.779283400000002e-09, 6.082140339999996e-10]
7: [-3.899999999999999e-21, -1.8799022000000028e-13, -4.949800779999999e-13, 8.201075299999999e-12, -7.621481299999998e-11, -4.766976999999997e-16, 6.1294406e-16, 8.442330299999999e-06, -1.2472100299999994e-06, -9.792834000000019e-10, 5.282140339999997e-10]
8: [-3.4999999999999996e-21, -5.1990220000000725e-14, -5.049800779999999e-13, 1.52010753e-11, -7.821481299999999e-11, -5.766976999999996e-16, 5.8294406e-16, 9.5423303e-06, -4.472100299999997e-07, -1.479283400000002e-09, 3.4821403399999966e-10]

Selection Population

1: [-4e-21, -5.699022000000072e-14, -5.249800779999999e-13, 1.22010753e-11, -7.121481300000001e-11, -7.966976999999996e-16, 6.729440600000001e-16, 8.5423303e-06, -1.2472100299999999e-06, -2.879283400000002e-09, 4.882140339999996e-10]
2: [-3.4e-21, -5.399022000000072e-14, -5.34980078e-13, 1.52010753e-11, -7.121481300000001e-11, -8.866976999999996e-16, 5.529440600000001e-16, 7.542330299999999e-06, -1.5472100299999995e-06, -1.379283400000002e-09, 5.082140339999997e-10]
3: [-4e-21, -5.699022000000072e-14, -5.249800779999999e-13, 1.22010753e-11, -7.121481300000001e-11, -7.966976999999996e-16, 6.729440600000001e-16, 8.5423303e-06, -1.2472100299999999e-06, -2.879283400000002e-09, 4.882140339999996e-10]
4: [-3.899999999999999e-21, -1.8799022000000028e-13, -4.949800779999999e-13, 8.201075299999999e-12, -7.621481299999998e-11, -4.766976999999997e-16, 6.1294406e-16, 8.442330299999999e-06, -1.2472100299999994e-06, -9.792834000000019e-10, 5.282140339999997e-10]
5: [-4e-21, -5.699022000000072e-14, -5.249800779999999e-13, 1.22010753e-11, -7.121481300000001e-11, -7.966976999999996e-16, 6.729440600000001e-16, 8.5423303e-06, -1.2472100299999999e-06, -2.879283400000002e-09, 4.882140339999996e-10]
6: [-3.8e-21, -5.999022000000072e-14, -5.449800779999999e-13, 2.62010753e-11, -8.221481300000001e-11, -5.266976999999996e-16, 6.3294406e-16, 6.942330299999999e-06, -1.94721003e-06, -3.1792834000000017e-09, 6.382140339999996e-10]
7: [-3.4e-21, -5.399022000000072e-14, -5.34980078e-13, 1.52010753e-11, -7.121481300000001e-11, -8.866976999999996e-16, 5.529440600000001e-16, 7.542330299999999e-06, -1.5472100299999995e-06, -1.379283400000002e-09, 5.082140339999997e-10]
8: [-3.899999999999999e-21, -1.8799022000000028e-13, -4.949800779999999e-13, 8.201075299999999e-12, -7.621481299999998e-11, -4.766976999999997e-16, 6.1294406e-16, 8.442330299999999e-06, -1.2472100299999994e-06, -9.792834000000019e-10, 5.282140339999997e-10]

CrossOver Population

1: [-3.4e-21, -5.399022000000072e-14, -5.249800779999999e-13, 1.22010753e-11, -7.121481300000001e-11, -7.966976999999996e-16, 5.529440600000001e-16, 7.542330299999999e-06, -1.5472100299999995e-06, -2.879283400000002e-09, 4.882140339999996e-10]
2: [-3.4e-21, -5.699022000000072e-14, -5.249800779999999e-13, 1.22010753e-11, -7.121481300000001e-11, -7.966976999999996e-16, 5.529440600000001e-16, 8.5423303e-06, -1.2472100299999999e-06, -1.379283400000002e-09, 4.882140339999996e-10]
3: [-3.899999999999999e-21, -5.699022000000072e-14, -4.949800779999999e-13, 8.201075299999999e-12, -7.621481299999998e-11, -4.766976999999997e-16, 6.729440600000001e-16, 8.442330299999999e-06, -1.2472100299999999e-06, -2.879283400000002e-09, 4.882140339999996e-10]
4: [-4e-21, -5.699022000000072e-14, -5.249800779999999e-13, 1.22010753e-11, -7.621481299999998e-11, -7.966976999999996e-16, 6.729440600000001e-16, 8.442330299999999e-06, -1.2472100299999994e-06, -2.879283400000002e-09, 4.882140339999996e-10]
5: [-3.8e-21, -5.999022000000072e-14, -5.449800779999999e-13, 2.62010753e-11, -8.221481300000001e-11, -5.266976999999996e-16, 6.729440600000001e-16, 6.942330299999999e-06, -1.2472100299999999e-06, -3.1792834000000017e-09, 4.882140339999996e-10]
6: [-4e-21, -5.999022000000072e-14, -5.249800779999999e-13, 1.22010753e-11, -7.121481300000001e-11, -5.266976999999996e-16, 6.729440600000001e-16, 8.5423303e-06, -1.94721003e-06, -3.1792834000000017e-09, 4.882140339999996e-10]
7: [-3.4e-21, -1.8799022000000028e-13, -4.949800779999999e-13, 1.52010753e-11, -7.621481299999998e-11, -4.766976999999997e-16, 5.529440600000001e-16, 7.542330299999999e-06, -1.5472100299999995e-06, -9.792834000000019e-10, 5.082140339999997e-10]
8: [-3.4e-21, -5.399022000000072e-14, -5.34980078e-13, 1.52010753e-11, -7.121481300000001e-11, -8.866976999999996e-16, 6.1294406e-16, 7.542330299999999e-06, -1.5472100299999995e-06, -9.792834000000019e-10, 5.282140339999997e-10]

Mutation Population

1: [-3.4e-21, -5.299022000000072e-14, -4.449800779999999e-13, 1.12010753e-11, -7.021481300000001e-11, -8.166976999999997e-16, 6.129440600000001e-16, 7.742330299999999e-06, -1.8472100299999998e-06, -3.479283400000002e-09, 4.682140339999996e-10]
2: [-2.7e-21, -5.699022000000072e-14, -5.149800779999999e-13, 9.2010753e-12, -6.321481300000001e-11, -8.266976999999996e-16, 6.029440600000001e-16, 8.2423303e-06, -9.472100299999995e-07, -1.9792834000000017e-09, 4.3821403399999966e-10]
3: [-3.899999999999999e-21, -1.0799022000000028e-13, -4.649800779999999e-13, 8.601075299999998e-12, -7.521481300000001e-11, -4.666976999999997e-16, 7.029440600000001e-16, 7.9423303e-06, -1.3472100299999997e-06, -1.9792834000000017e-09, 4.982140339999996e-10]
4: [-4.3e-21, -6.399022000000072e-14, -6.049800779999999e-13, 1.4201075299999999e-11, -8.021481299999998e-11, -7.366976999999996e-16, 6.429440600000001e-16, 7.8423303e-06, -1.0472100299999999e-06, -3.579283400000002e-09, 4.3821403399999966e-10]
5: [-3.1e-21, -5.899022000000073e-14, -5.849800779999999e-13, 2.9201075300000004e-11, -7.721481300000002e-11, -5.566976999999996e-16, 6.9294406e-16, 7.342330299999999e-06, -9.472100299999999e-07, -3.379283400000002e-09, 5.382140339999997e-10]
6: [-4.1e-21, -5.999022000000072e-14, -4.649800779999999e-13, 1.12010753e-11, -6.221481300000002e-11, -5.566976999999996e-16, 7.229440600000001e-16, 8.8423303e-06, -2.1472100299999997e-06, -3.579283400000002e-09, 4.482140339999996e-10]
7: [-2.7e-21, -1.679902200000003e-13, -4.4498007799999994e-13, 1.32010753e-11, -7.421481300000001e-11, -4.966976999999997e-16, 5.229440600000001e-16, 6.642330299999999e-06, -1.6472100299999994e-06, -8.992834000000018e-10, 4.582140339999997e-10]
8: [-3e-21, -4.899022000000072e-14, -5.74980078e-13, 1.32010753e-11, -6.421481300000001e-11, -8.666976999999996e-16, 5.829440600000001e-16, 7.042330299999999e-06, -1.4472100299999994e-06, -9.492834000000018e-10, 6.082140339999997e-10]


